1 1 929 559 243 142 0 0 -1
1 2 1306 453 41 32 0 0 -1
2 1 932 556 243 147 0 0 -1
2 2 1303 454 39 28 0 0 -1
3 1 927 558 242 146 0 0 -1
3 2 1296 454 40 31 0 0 -1
4 1 926 559 241 141 0 0 -1
4 2 1290 451 40 33 0 0 -1
5 1 921 561 239 140 0 0 -1
5 2 1281 450 44 34 0 0 -1
6 1 924 558 230 140 0 0 -1
6 2 1279 451 44 31 0 0 -1
7 1 916 560 230 140 0 0 -1
7 2 1273 453 42 30 0 0 -1
8 1 918 560 230 140 0 0 -1
8 2 1272 451 35 29 0 0 -1
9 1 910 560 230 140 0 0 -1
9 2 1262 448 40 27 0 0 -1
10 1 906 562 230 133 0 0 -1
10 2 1256 446 40 28 0 0 -1
11 1 905 558 225 133 0 0 -1
11 2 1252 444 39 30 0 0 -1
12 1 899 558 224 133 0 0 -1
12 2 1244 437 42 29 0 0 -1
13 1 896 558 218 127 0 0 -1
13 2 1239 433 40 32 0 0 -1
14 1 896 561 222 125 0 0 -1
14 2 1235 432 37 30 0 0 -1
15 1 890 561 222 125 0 0 -1
15 2 1226 427 36 31 0 0 -1
16 1 888 559 216 125 0 0 -1
16 2 1222 419 38 34 0 0 -1
17 1 886 552 216 125 0 0 -1
17 2 1213 416 45 32 0 0 -1
18 1 886 554 211 122 0 0 -1
18 2 1205 407 48 37 0 0 -1
19 1 886 552 211 122 0 0 -1
19 2 1201 404 40 29 0 0 -1
20 1 881 551 211 122 0 0 -1
20 2 1196 398 36 30 0 0 -1
21 1 881 549 211 120 0 0 -1
21 2 1185 391 45 32 0 0 -1
22 1 881 549 211 120 0 0 -1
22 2 1181 383 42 32 0 0 -1
23 1 885 544 207 122 0 0 -1
23 2 1172 377 41 33 0 0 -1
24 1 891 544 201 116 0 0 -1
24 2 1168 370 42 30 0 0 -1
25 1 897 544 200 116 0 0 -1
25 2 1163 361 42 32 0 0 -1
26 1 897 544 200 116 0 0 -1
26 2 1155 356 41 29 0 0 -1
27 1 902 544 200 116 0 0 -1
27 2 1147 348 42 32 0 0 -1
28 1 907 544 200 116 0 0 -1
28 2 1143 342 38 30 0 0 -1
29 1 912 539 200 116 0 0 -1
29 2 1133 335 46 34 0 0 -1
30 1 922 539 196 116 0 0 -1
30 2 1126 330 41 29 0 0 -1
31 1 927 539 196 116 0 0 -1
31 2 1120 322 43 34 0 0 -1
32 1 927 539 196 116 0 0 -1
32 2 1116 318 38 31 0 0 -1
33 1 937 539 191 110 0 0 -1
33 2 1108 312 42 34 0 0 -1
34 1 942 539 191 110 0 0 -1
34 2 1102 309 43 29 0 0 -1
35 1 942 539 191 110 0 0 -1
35 2 1092 304 49 34 0 0 -1
36 1 947 544 191 105 0 0 -1
36 2 1085 302 48 33 0 0 -1
37 1 947 549 191 105 0 0 -1
37 2 1087 298 38 31 0 0 -1
38 1 950 549 183 105 0 0 -1
38 2 1073 296 51 27 0 0 -1
39 1 950 555 183 99 0 0 -1
39 2 1068 292 47 31 0 0 -1
40 1 950 560 183 102 0 0 -1
40 2 1060 289 51 30 0 0 -1
41 1 950 560 183 99 0 0 -1
41 2 1056 289 46 30 0 0 -1
42 1 950 565 181 99 0 0 -1
42 2 1049 287 50 34 0 0 -1
43 1 950 570 181 99 0 0 -1
43 2 1045 285 47 32 0 0 -1
44 1 950 570 181 99 0 0 -1
44 2 1037 285 51 36 0 0 -1
45 1 950 575 181 99 0 0 -1
45 2 1032 284 49 33 0 0 -1
46 1 945 575 181 99 0 0 -1
46 2 1023 283 54 32 0 0 -1
47 1 940 580 181 99 0 0 -1
47 2 1022 281 46 34 0 0 -1
48 1 940 585 181 99 0 0 -1
48 2 1014 278 51 39 0 0 -1
49 1 940 585 181 99 0 0 -1
49 2 1013 280 44 35 0 0 -1
50 1 940 585 181 99 0 0 -1
50 2 1010 280 41 38 0 0 -1
51 1 940 585 181 99 0 0 -1
51 2 1007 281 38 34 0 0 -1
52 1 940 585 181 99 0 0 -1
52 2 1002 281 45 40 0 0 -1
53 1 940 580 181 99 0 0 -1
53 2 997 279 44 39 0 0 -1
54 1 940 580 181 99 0 0 -1
54 2 997 280 40 35 0 0 -1
55 1 940 580 181 99 0 0 -1
55 2 992 278 43 41 0 0 -1
56 1 940 580 181 99 0 0 -1
56 2 989 279 46 39 0 0 -1
57 1 935 580 181 99 0 0 -1
57 2 986 281 49 38 0 0 -1
58 1 935 575 181 99 0 0 -1
58 2 984 279 47 42 0 0 -1
59 1 930 570 181 99 0 0 -1
59 2 981 280 53 39 0 0 -1
60 1 930 570 181 99 0 0 -1
60 2 979 283 51 35 0 0 -1
61 1 926 565 185 99 0 0 -1
61 2 979 281 51 34 0 0 -1
62 1 926 565 185 99 0 0 -1
62 2 976 281 46 36 0 0 -1
63 1 921 557 190 107 0 0 -1
63 2 977 280 46 39 0 0 -1
64 1 916 552 190 107 0 0 -1
64 2 975 280 47 35 0 0 -1
65 1 911 547 190 107 0 0 -1
65 2 969 280 51 34 0 0 -1
66 1 896 542 190 107 0 0 -1
66 2 972 279 43 36 0 0 -1
67 1 886 537 190 107 0 0 -1
67 2 975 281 43 34 0 0 -1
68 1 881 537 195 107 0 0 -1
68 2 975 283 40 30 0 0 -1
69 1 871 532 195 107 0 0 -1
69 2 968 280 50 34 0 0 -1
70 1 856 532 195 107 0 0 -1
70 2 969 281 46 33 0 0 -1
71 1 846 527 195 107 0 0 -1
71 2 966 280 45 34 0 0 -1
72 1 825 522 206 107 0 0 -1
72 2 969 283 44 31 0 0 -1
73 1 815 517 206 107 0 0 -1
73 2 969 280 42 37 0 0 -1
74 1 815 517 206 107 0 0 -1
74 2 967 283 48 31 0 0 -1
75 1 799 505 217 114 0 0 -1
75 2 966 280 52 35 0 0 -1
76 1 789 500 217 114 0 0 -1
76 2 968 280 46 33 0 0 -1
77 1 779 484 217 125 0 0 -1
77 2 968 280 43 32 0 0 -1
78 1 774 479 217 125 0 0 -1
78 2 963 279 51 33 0 0 -1
79 1 764 484 217 125 0 0 -1
79 2 962 278 51 31 0 0 -1
80 1 764 484 217 125 0 0 -1
80 2 964 276 46 32 0 0 -1
81 1 756 504 220 125 0 0 -1
81 2 963 274 50 39 0 0 -1
82 1 751 514 220 125 0 0 -1
82 2 969 275 44 35 0 0 -1
83 1 732 519 239 134 0 0 -1
83 2 968 275 46 34 0 0 -1
84 1 727 519 239 134 0 0 -1
84 2 973 276 38 32 0 0 -1
85 1 729 519 242 134 0 0 -1
85 2 972 276 43 34 0 0 -1
86 1 729 519 242 134 0 0 -1
86 2 973 275 44 31 0 0 -1
87 1 739 529 242 134 0 0 -1
87 2 975 274 43 35 0 0 -1
88 1 749 534 248 139 0 0 -1
88 2 973 274 46 32 0 0 -1
89 1 759 539 261 139 0 0 -1
89 2 976 274 47 30 0 0 -1
90 1 774 579 273 154 0 0 -1
90 2 980 272 47 36 0 0 -1
91 1 779 664 273 154 0 0 -1
91 2 983 271 44 38 0 0 -1
92 1 779 664 273 154 0 0 -1
92 2 981 271 49 34 0 0 -1
93 1 799 683 258 145 0 0 -1
93 2 986 271 41 37 0 0 -1
94 1 804 688 266 145 0 0 -1
94 2 986 274 45 32 0 0 -1
95 1 814 693 280 150 0 0 -1
95 2 986 268 50 34 0 0 -1
96 1 829 698 280 150 0 0 -1
96 2 989 271 50 34 0 0 -1
97 1 839 703 280 150 0 0 -1
97 2 990 271 47 31 0 0 -1
98 1 839 703 280 150 0 0 -1
98 2 996 270 43 31 0 0 -1
99 1 854 701 280 157 0 0 -1
99 2 994 270 51 32 0 0 -1
100 1 869 706 280 157 0 0 -1
100 2 998 268 47 33 0 0 -1
101 1 874 706 280 157 0 0 -1
101 2 1000 270 56 34 0 0 -1
102 1 889 706 280 157 0 0 -1
102 2 1002 270 49 28 0 0 -1
103 1 904 706 280 157 0 0 -1
103 2 1006 270 48 28 0 0 -1
104 1 904 706 280 157 0 0 -1
104 2 1006 268 50 32 0 0 -1
105 1 919 706 280 157 0 0 -1
105 2 1007 268 54 30 0 0 -1
106 1 924 702 280 151 0 0 -1
106 2 1015 268 41 34 0 0 -1
107 1 929 702 280 151 0 0 -1
107 2 1015 270 45 28 0 0 -1
108 1 944 698 273 149 0 0 -1
108 2 1018 270 44 28 0 0 -1
109 1 959 691 273 156 0 0 -1
109 2 1024 268 42 30 0 0 -1
110 1 959 693 273 149 0 0 -1
110 2 1019 268 54 32 0 0 -1
111 1 969 688 273 149 0 0 -1
111 2 1026 266 52 31 0 0 -1
112 1 974 688 273 149 0 0 -1
112 2 1024 267 54 30 0 0 -1
113 1 979 693 273 149 0 0 -1
113 2 1028 264 54 34 0 0 -1
114 1 989 691 267 146 0 0 -1
114 2 1032 266 50 31 0 0 -1
115 1 1004 691 262 142 0 0 -1
115 2 1037 264 48 33 0 0 -1
116 1 1004 691 262 142 0 0 -1
116 2 1037 263 50 34 0 0 -1
117 1 1014 691 262 142 0 0 -1
117 2 1037 264 51 33 0 0 -1
118 1 1019 691 262 142 0 0 -1
118 2 1043 263 52 35 0 0 -1
119 1 1026 696 255 137 0 0 -1
119 2 1045 262 54 35 0 0 -1
120 1 1031 696 255 137 0 0 -1
120 2 1047 263 52 30 0 0 -1
121 1 1036 696 255 137 0 0 -1
121 2 1051 263 52 30 0 0 -1
122 1 1036 696 255 137 0 0 -1
122 2 1052 262 60 33 0 0 -1
123 1 1041 696 255 137 0 0 -1
123 2 1057 264 51 33 0 0 -1
124 1 1051 701 245 137 0 0 -1
124 2 1057 262 56 31 0 0 -1
125 1 1066 696 245 137 0 0 -1
125 2 1060 263 51 32 0 0 -1
126 1 1081 696 245 137 0 0 -1
126 2 1062 259 53 34 0 0 -1
127 1 1085 699 245 137 0 0 -1
127 2 1067 257 53 41 0 0 -1
128 1 1085 699 245 137 0 0 -1
128 2 1069 258 52 39 0 0 -1
129 1 1085 699 245 137 0 0 -1
129 2 1071 262 54 27 0 0 -1
130 1 1090 694 245 137 0 0 -1
130 2 1077 262 53 29 0 0 -1
131 1 1095 684 245 137 0 0 -1
131 2 1079 259 49 32 0 0 -1
132 1 1095 645 244 131 0 0 -1
132 2 1077 258 57 33 0 0 -1
133 1 1095 595 244 131 0 0 -1
133 2 1085 257 53 38 0 0 -1
134 1 1095 600 244 128 0 0 -1
134 2 1086 257 63 35 0 0 -1
135 1 1095 545 244 128 0 0 -1
135 2 1088 259 61 30 0 0 -1
136 1 1095 490 244 128 0 0 -1
136 2 1094 257 53 36 0 0 -1
137 1 1100 450 232 128 0 0 -1
137 2 1099 259 52 30 0 0 -1
138 1 1085 425 232 128 0 0 -1
138 2 1100 257 54 34 0 0 -1
139 1 1060 405 232 128 0 0 -1
139 2 1103 257 55 31 0 0 -1
140 1 1066 405 226 128 0 0 -1
140 2 1108 254 54 33 0 0 -1
141 1 1026 380 226 128 0 0 -1
141 2 1115 255 51 36 0 0 -1
142 1 990 357 226 128 0 0 -1
142 2 1115 253 49 35 0 0 -1
143 1 939 348 222 127 0 0 -1
143 2 1120 255 52 32 0 0 -1
144 1 885 344 222 127 0 0 -1
144 2 1124 257 49 32 0 0 -1
145 1 835 341 222 127 0 0 -1
145 2 1128 254 55 33 0 0 -1
146 1 837 345 222 125 0 0 -1
146 2 1130 250 55 39 0 0 -1
147 1 793 347 222 125 0 0 -1
147 2 1133 254 57 31 0 0 -1
148 1 748 373 222 125 0 0 -1
148 2 1137 254 56 37 0 0 -1
149 1 715 401 222 125 0 0 -1
149 2 1141 251 57 34 0 0 -1
150 1 696 423 216 125 0 0 -1
150 2 1146 253 55 34 0 0 -1
151 1 673 443 213 125 0 0 -1
151 2 1155 253 50 34 0 0 -1
152 1 673 443 213 125 0 0 -1
152 2 1156 251 53 36 0 0 -1
153 1 657 475 213 125 0 0 -1
153 2 1160 251 58 36 0 0 -1
154 1 644 503 213 120 0 0 -1
154 2 1164 249 54 35 0 0 -1
155 1 634 523 213 120 0 0 -1
155 2 1167 250 54 37 0 0 -1
156 1 624 533 213 120 0 0 -1
156 2 1175 250 52 33 0 0 -1
157 1 619 548 213 120 0 0 -1
157 2 1173 250 58 33 0 0 -1
158 1 619 558 213 120 0 0 -1
158 2 1183 250 49 34 0 0 -1
159 1 619 558 213 120 0 0 -1
159 2 1188 249 52 35 0 0 -1
160 1 644 563 213 120 0 0 -1
160 2 1190 250 54 33 0 0 -1
161 1 679 563 213 120 0 0 -1
161 2 1196 249 52 36 0 0 -1
162 1 714 558 213 120 0 0 -1
162 2 1201 249 54 31 0 0 -1
163 1 749 558 213 120 0 0 -1
163 2 1205 247 52 34 0 0 -1
164 1 779 558 213 120 0 0 -1
164 2 1210 247 47 33 0 0 -1
165 1 783 558 204 120 0 0 -1
165 2 1213 246 55 35 0 0 -1
166 1 799 558 213 120 0 0 -1
166 2 1219 244 47 36 0 0 -1
167 1 828 558 204 120 0 0 -1
167 2 1223 247 52 34 0 0 -1
168 1 843 558 204 120 0 0 -1
168 2 1227 246 51 34 0 0 -1
169 1 853 558 204 120 0 0 -1
169 2 1234 245 51 34 0 0 -1
170 1 863 558 199 103 0 0 -1
170 2 1236 246 56 32 0 0 -1
171 1 863 558 196 103 0 0 -1
171 2 1244 247 54 31 0 0 -1
172 1 868 558 196 103 0 0 -1
172 2 1243 244 59 32 0 0 -1
173 1 863 558 197 101 0 0 -1
173 2 1252 244 51 35 0 0 -1
174 1 866 558 192 97 0 0 -1
174 2 1257 245 56 31 0 0 -1
175 1 866 553 185 100 0 0 -1
175 2 1261 241 56 35 0 0 -1
176 1 861 553 185 94 0 0 -1
176 2 1265 241 58 38 0 0 -1
177 1 861 553 185 91 0 0 -1
177 2 1270 238 56 40 0 0 -1
178 1 850 543 183 97 0 0 -1
178 2 1277 244 55 35 0 0 -1
179 1 842 541 183 88 0 0 -1
179 2 1282 241 54 37 0 0 -1
180 1 837 541 183 88 0 0 -1
180 2 1283 241 58 34 0 0 -1
181 1 827 536 183 88 0 0 -1
181 2 1291 241 58 33 0 0 -1
182 1 822 531 178 88 0 0 -1
182 2 1296 242 55 32 0 0 -1
183 1 822 531 178 88 0 0 -1
183 2 1298 237 56 37 0 0 -1
184 1 807 531 178 88 0 0 -1
184 2 1308 240 54 34 0 0 -1
185 1 797 526 178 88 0 0 -1
185 2 1309 241 59 34 0 0 -1
186 1 787 521 178 88 0 0 -1
186 2 1313 240 62 32 0 0 -1
187 1 777 516 178 88 0 0 -1
187 2 1319 237 57 39 0 0 -1
188 1 767 506 178 88 0 0 -1
188 2 1324 236 53 35 0 0 -1
189 1 767 511 178 88 0 0 -1
189 2 1329 240 56 31 0 0 -1
190 1 762 511 178 88 0 0 -1
190 2 1334 238 57 36 0 0 -1
191 1 762 511 178 88 0 0 -1
191 2 1343 238 50 32 0 0 -1
192 1 757 516 178 88 0 0 -1
192 2 1342 236 58 36 0 0 -1
193 1 752 541 178 88 0 0 -1
193 2 1346 238 58 33 0 0 -1
194 1 762 551 178 88 0 0 -1
194 2 1355 236 54 35 0 0 -1
195 1 762 551 178 88 0 0 -1
195 2 1358 234 56 33 0 0 -1
196 1 777 566 178 88 0 0 -1
196 2 1360 233 53 37 0 0 -1
197 1 792 581 178 88 0 0 -1
197 2 1366 234 57 34 0 0 -1
198 1 807 591 178 88 0 0 -1
198 2 1371 233 57 31 0 0 -1
199 1 832 601 178 88 0 0 -1
199 2 1375 232 59 36 0 0 -1
200 1 842 606 178 88 0 0 -1
200 2 1379 229 60 37 0 0 -1
201 1 847 606 173 88 0 0 -1
201 2 1384 233 58 37 0 0 -1
202 1 852 606 173 88 0 0 -1
202 2 1388 233 57 34 0 0 -1
203 1 867 606 173 88 0 0 -1
203 2 1388 233 63 30 0 0 -1
204 1 877 606 173 88 0 0 -1
204 2 1393 228 63 39 0 0 -1
205 1 887 606 173 88 0 0 -1
205 2 1402 233 60 33 0 0 -1
206 1 897 606 173 88 0 0 -1
206 2 1404 233 58 30 0 0 -1
207 1 897 606 173 88 0 0 -1
207 2 1405 225 61 41 0 0 -1
208 1 897 596 173 88 0 0 -1
208 2 1411 229 63 35 0 0 -1
209 1 902 601 173 88 0 0 -1
209 2 1418 227 59 39 0 0 -1
210 1 907 601 173 88 0 0 -1
210 2 1421 225 61 37 0 0 -1
211 1 902 591 173 88 0 0 -1
211 2 1425 224 64 40 0 0 -1
212 1 902 587 173 92 0 0 -1
212 2 1426 224 65 38 0 0 -1
213 1 902 587 173 92 0 0 -1
213 2 1434 223 60 34 0 0 -1
214 1 902 582 173 92 0 0 -1
214 2 1436 224 60 35 0 0 -1
215 1 902 582 173 92 0 0 -1
215 2 1442 220 61 41 0 0 -1
216 1 892 572 173 92 0 0 -1
216 2 1447 223 56 38 0 0 -1
217 1 892 562 173 92 0 0 -1
217 2 1451 221 60 38 0 0 -1
218 1 887 562 173 92 0 0 -1
218 2 1457 220 56 37 0 0 -1
219 1 887 562 173 92 0 0 -1
219 2 1460 223 57 36 0 0 -1
220 1 882 562 173 92 0 0 -1
220 2 1461 216 62 38 0 0 -1
221 1 882 562 173 92 0 0 -1
221 2 1466 217 62 40 0 0 -1
222 1 877 567 173 92 0 0 -1
222 2 1464 219 65 34 0 0 -1
223 1 867 572 173 92 0 0 -1
223 2 1474 220 64 31 0 0 -1
224 1 862 572 173 92 0 0 -1
224 2 1473 217 67 32 0 0 -1
225 1 862 572 173 92 0 0 -1
225 2 1478 217 63 38 0 0 -1
226 1 862 577 173 92 0 0 -1
226 2 1482 216 59 34 0 0 -1
227 1 857 577 173 92 0 0 -1
227 2 1490 216 55 33 0 0 -1
228 1 852 577 173 92 0 0 -1
228 2 1490 216 64 34 0 0 -1
229 1 842 577 173 92 0 0 -1
229 2 1493 215 67 38 0 0 -1
230 1 842 577 173 92 0 0 -1
230 2 1495 213 69 37 0 0 -1
231 1 842 577 173 92 0 0 -1
231 2 1503 213 56 36 0 0 -1
232 1 832 582 173 92 0 0 -1
232 2 1503 215 61 29 0 0 -1
233 1 822 582 173 92 0 0 -1
233 2 1511 212 60 37 0 0 -1
234 1 817 582 173 92 0 0 -1
234 2 1511 213 61 32 0 0 -1
235 1 807 582 173 92 0 0 -1
235 2 1517 210 59 37 0 0 -1
236 1 802 577 173 92 0 0 -1
236 2 1523 207 52 39 0 0 -1
237 1 797 577 173 92 0 0 -1
237 2 1524 207 63 37 0 0 -1
238 1 792 577 173 92 0 0 -1
238 2 1528 207 61 39 0 0 -1
239 1 797 577 173 92 0 0 -1
239 2 1530 210 68 35 0 0 -1
240 1 802 577 173 92 0 0 -1
240 2 1534 208 58 33 0 0 -1
241 1 791 577 179 92 0 0 -1
241 2 1540 206 53 35 0 0 -1
242 1 786 572 179 92 0 0 -1
242 2 1541 208 60 32 0 0 -1
243 1 786 572 179 92 0 0 -1
243 2 1542 203 64 38 0 0 -1
244 1 791 567 179 92 0 0 -1
244 2 1543 206 63 38 0 0 -1
245 1 791 557 179 92 0 0 -1
245 2 1549 204 61 37 0 0 -1
246 1 791 552 179 92 0 0 -1
246 2 1551 202 57 38 0 0 -1
247 1 791 547 179 92 0 0 -1
247 2 1551 202 64 36 0 0 -1
248 1 791 547 179 92 0 0 -1
248 2 1558 202 60 40 0 0 -1
249 1 791 542 179 92 0 0 -1
249 2 1560 199 62 45 0 0 -1
250 1 791 542 179 92 0 0 -1
250 2 1562 202 61 35 0 0 -1
251 1 791 537 179 92 0 0 -1
251 2 1567 200 61 41 0 0 -1
252 1 791 537 179 92 0 0 -1
252 2 1572 202 53 36 0 0 -1
253 1 791 537 179 92 0 0 -1
253 2 1572 199 60 41 0 0 -1
254 1 786 537 179 92 0 0 -1
254 2 1575 202 65 38 0 0 -1
255 1 791 537 179 92 0 0 -1
255 2 1577 199 58 37 0 0 -1
256 1 791 537 179 92 0 0 -1
256 2 1577 199 67 35 0 0 -1
257 1 785 537 185 92 0 0 -1
257 2 1584 202 63 30 0 0 -1
258 1 780 537 185 92 0 0 -1
258 2 1593 198 52 35 0 0 -1
259 1 775 537 185 92 0 0 -1
259 2 1592 199 63 39 0 0 -1
260 1 785 547 185 92 0 0 -1
260 2 1589 198 79 36 0 0 -1
261 1 785 547 185 92 0 0 -1
261 2 1593 199 71 35 0 0 -1
262 1 780 557 185 92 0 0 -1
262 2 1600 195 69 35 0 0 -1
263 1 775 557 185 92 0 0 -1
263 2 1601 198 72 34 0 0 -1
264 1 785 557 185 92 0 0 -1
264 2 1604 195 65 39 0 0 -1
265 1 810 572 185 92 0 0 -1
265 2 1610 195 63 35 0 0 -1
266 1 810 577 185 92 0 0 -1
266 2 1611 195 70 37 0 0 -1
267 1 810 577 185 92 0 0 -1
267 2 1614 194 63 38 0 0 -1
268 1 810 583 185 86 0 0 -1
268 2 1617 195 65 35 0 0 -1
269 1 825 593 185 86 0 0 -1
269 2 1623 194 63 36 0 0 -1
270 1 825 593 185 86 0 0 -1
270 2 1626 193 64 39 0 0 -1
271 1 825 593 185 86 0 0 -1
271 2 1628 190 65 40 0 0 -1
272 1 820 583 185 86 0 0 -1
272 2 1627 189 69 44 0 0 -1
273 1 820 583 185 86 0 0 -1
273 2 1632 189 63 35 0 0 -1
274 1 820 583 185 86 0 0 -1
274 2 1642 189 54 39 0 0 -1
275 1 820 583 185 86 0 0 -1
275 2 1640 189 60 39 0 0 -1
276 1 810 578 185 86 0 0 -1
276 2 1644 186 58 39 0 0 -1
277 1 795 573 185 86 0 0 -1
277 2 1645 187 59 42 0 0 -1
278 1 790 573 185 86 0 0 -1
278 2 1648 187 60 40 0 0 -1
279 1 790 573 185 86 0 0 -1
279 2 1656 187 55 41 0 0 -1
280 1 780 563 185 86 0 0 -1
280 2 1653 186 60 41 0 0 -1
281 1 770 558 185 86 0 0 -1
281 2 1660 186 61 38 0 0 -1
282 1 755 553 185 86 0 0 -1
282 2 1660 187 60 40 0 0 -1
283 1 745 543 185 86 0 0 -1
283 2 1662 190 51 38 0 0 -1
284 1 740 538 185 86 0 0 -1
284 2 1666 187 61 42 0 0 -1
285 1 735 538 185 86 0 0 -1
285 2 1669 187 50 41 0 0 -1
286 1 730 533 185 81 0 0 -1
286 2 1668 190 64 39 0 0 -1
287 1 725 528 185 81 0 0 -1
287 2 1668 189 61 38 0 0 -1
288 1 715 523 185 81 0 0 -1
288 2 1670 190 62 40 0 0 -1
289 1 710 523 179 81 0 0 -1
289 2 1673 189 61 39 0 0 -1
290 1 705 528 179 81 0 0 -1
290 2 1676 189 54 40 0 0 -1
291 1 705 528 179 81 0 0 -1
291 2 1676 191 56 34 0 0 -1
292 1 710 528 179 81 0 0 -1
292 2 1676 194 54 39 0 0 -1
293 1 720 533 179 81 0 0 -1
293 2 1674 190 60 43 0 0 -1
294 1 735 533 179 81 0 0 -1
294 2 1681 189 56 43 0 0 -1
295 1 755 538 179 75 0 0 -1
295 2 1681 190 53 39 0 0 -1
296 1 770 543 179 75 0 0 -1
296 2 1677 194 56 43 0 0 -1
297 1 770 543 179 75 0 0 -1
297 2 1679 191 63 41 0 0 -1
298 1 800 548 179 75 0 0 -1
298 2 1682 193 51 41 0 0 -1
299 1 830 553 179 75 0 0 -1
299 2 1674 196 68 42 0 0 -1
300 1 850 553 179 75 0 0 -1
300 2 1677 195 57 47 0 0 -1
301 1 890 568 179 75 0 0 -1
301 2 1674 199 63 42 0 0 -1
302 1 915 568 179 75 0 0 -1
302 2 1682 198 62 43 0 0 -1
303 1 915 568 179 75 0 0 -1
303 2 1681 198 55 43 0 0 -1
304 1 935 568 179 75 0 0 -1
304 2 1673 195 71 45 0 0 -1
305 1 950 568 179 75 0 0 -1
305 2 1673 198 65 44 0 0 -1
306 1 965 573 179 75 0 0 -1
306 2 1676 196 66 45 0 0 -1
307 1 985 573 179 75 0 0 -1
307 2 1678 203 62 38 0 0 -1
308 1 1000 573 175 75 0 0 -1
308 2 1678 202 66 38 0 0 -1
309 1 1000 573 175 75 0 0 -1
309 2 1679 203 68 38 0 0 -1
310 1 1010 573 175 75 0 0 -1
310 2 1674 204 67 36 0 0 -1
311 1 1010 573 175 75 0 0 -1
311 2 1677 199 67 42 0 0 -1
312 1 1010 573 175 75 0 0 -1
312 2 1683 204 55 36 0 0 -1
313 1 1010 573 175 75 0 0 -1
313 2 1679 203 66 43 0 0 -1
314 1 1010 573 175 75 0 0 -1
314 2 1676 204 71 43 0 0 -1
315 1 1010 573 175 75 0 0 -1
315 2 1677 203 73 44 0 0 -1
316 1 1005 573 175 75 0 0 -1
316 2 1676 203 73 46 0 0 -1
317 1 995 573 175 75 0 0 -1
317 2 1678 208 73 39 0 0 -1
318 1 990 573 175 75 0 0 -1
318 2 1685 204 64 41 0 0 -1
319 1 985 573 175 75 0 0 -1
319 2 1683 207 64 39 0 0 -1
320 1 970 573 175 75 0 0 -1
320 2 1679 203 68 42 0 0 -1
321 1 965 573 175 75 0 0 -1
321 2 1681 207 69 39 0 0 -1
322 1 970 573 165 75 0 0 -1
322 2 1682 203 67 44 0 0 -1
323 1 960 583 165 75 0 0 -1
323 2 1681 208 65 37 0 0 -1
324 1 950 593 165 75 0 0 -1
324 2 1677 204 73 46 0 0 -1
325 1 940 603 165 75 0 0 -1
325 2 1679 206 74 47 0 0 -1
326 1 930 618 165 75 0 0 -1
326 2 1681 207 69 44 0 0 -1
327 1 920 623 165 75 0 0 -1
327 2 1679 207 75 47 0 0 -1
328 1 920 623 165 75 0 0 -1
328 2 1685 206 64 43 0 0 -1
329 1 910 623 165 75 0 0 -1
329 2 1686 207 65 40 0 0 -1
330 1 900 623 165 75 0 0 -1
330 2 1685 206 64 37 0 0 -1
331 1 890 623 165 75 0 0 -1
331 2 1685 207 59 39 0 0 -1
332 1 885 623 165 75 0 0 -1
332 2 1678 204 83 42 0 0 -1
333 1 880 623 165 75 0 0 -1
333 2 1682 207 69 38 0 0 -1
334 1 880 623 165 75 0 0 -1
334 2 1686 203 64 42 0 0 -1
335 1 870 623 165 75 0 0 -1
335 2 1687 206 66 40 0 0 -1
336 1 865 623 165 75 0 0 -1
336 2 1682 207 68 39 0 0 -1
337 1 860 623 165 75 0 0 -1
337 2 1685 206 70 41 0 0 -1
338 1 855 623 165 75 0 0 -1
338 2 1685 208 66 41 0 0 -1
339 1 850 618 165 75 0 0 -1
339 2 1685 208 65 45 0 0 -1
340 1 850 618 165 75 0 0 -1
340 2 1687 211 66 39 0 0 -1
341 1 845 613 165 75 0 0 -1
341 2 1693 211 60 35 0 0 -1
342 1 840 613 165 70 0 0 -1
342 2 1686 213 65 42 0 0 -1
343 1 835 613 165 70 0 0 -1
343 2 1685 215 65 43 0 0 -1
344 1 836 603 159 70 0 0 -1
344 2 1687 220 66 38 0 0 -1
345 1 836 603 159 70 0 0 -1
345 2 1686 219 72 35 0 0 -1
346 1 836 603 159 70 0 0 -1
346 2 1691 219 64 39 0 0 -1
347 1 836 603 159 70 0 0 -1
347 2 1689 224 69 40 0 0 -1
348 1 831 603 159 70 0 0 -1
348 2 1690 224 71 39 0 0 -1
349 1 831 603 159 70 0 0 -1
349 2 1693 227 65 43 0 0 -1
350 1 826 603 159 70 0 0 -1
350 2 1689 229 69 41 0 0 -1
351 1 826 603 159 70 0 0 -1
351 2 1686 229 75 46 0 0 -1
352 1 826 603 159 70 0 0 -1
352 2 1689 233 69 45 0 0 -1
353 1 826 603 159 70 0 0 -1
353 2 1693 236 71 40 0 0 -1
354 1 826 603 159 67 0 0 -1
354 2 1693 234 73 45 0 0 -1
355 1 821 603 159 67 0 0 -1
355 2 1694 240 70 39 0 0 -1
356 1 826 603 159 67 0 0 -1
356 2 1691 240 79 44 0 0 -1
357 1 826 603 159 67 0 0 -1
357 2 1694 245 68 38 0 0 -1
358 1 826 603 159 67 0 0 -1
358 2 1694 244 77 47 0 0 -1
359 1 831 603 154 67 0 0 -1
359 2 1698 250 63 37 0 0 -1
360 1 831 603 154 67 0 0 -1
360 2 1695 250 72 42 0 0 -1
361 1 831 598 154 67 0 0 -1
361 2 1695 251 69 37 0 0 -1
362 1 831 598 154 67 0 0 -1
362 2 1694 251 70 44 0 0 -1
363 1 831 598 162 67 0 0 -1
363 2 1696 253 71 40 0 0 -1
364 1 831 598 162 67 0 0 -1
364 2 1699 261 67 31 0 0 -1
365 1 836 598 162 67 0 0 -1
365 2 1695 258 67 40 0 0 -1
366 1 847 598 156 67 0 0 -1
366 2 1700 261 64 36 0 0 -1
367 1 848 598 153 67 0 0 -1
367 2 1698 259 66 42 0 0 -1
368 1 853 598 153 67 0 0 -1
368 2 1693 261 74 40 0 0 -1
369 1 853 598 153 67 0 0 -1
369 2 1691 262 73 38 0 0 -1
370 1 853 598 153 67 0 0 -1
370 2 1698 262 66 35 0 0 -1
371 1 848 598 153 67 0 0 -1
371 2 1690 261 73 44 0 0 -1
372 1 853 603 153 67 0 0 -1
372 2 1695 262 68 36 0 0 -1
373 1 853 603 153 67 0 0 -1
373 2 1696 259 63 42 0 0 -1
374 1 853 603 153 67 0 0 -1
374 2 1693 262 70 42 0 0 -1
375 1 853 608 153 67 0 0 -1
375 2 1695 261 69 41 0 0 -1
376 1 851 608 150 67 0 0 -1
376 2 1694 263 69 41 0 0 -1
377 1 851 613 150 67 0 0 -1
377 2 1690 261 71 41 0 0 -1
378 1 851 613 150 67 0 0 -1
378 2 1691 261 70 39 0 0 -1
379 1 851 618 150 64 0 0 -1
379 2 1690 259 71 38 0 0 -1
380 1 851 618 150 64 0 0 -1
380 2 1698 262 60 40 0 0 -1
381 1 846 623 150 64 0 0 -1
381 2 1693 261 66 39 0 0 -1
382 1 846 623 150 64 0 0 -1
382 2 1694 262 68 42 0 0 -1
383 1 846 628 150 64 0 0 -1
383 2 1687 262 70 39 0 0 -1
384 1 846 631 150 61 0 0 -1
384 2 1695 262 67 35 0 0 -1
385 1 851 634 150 61 0 0 -1
385 2 1691 261 70 36 0 0 -1
386 1 851 637 150 58 0 0 -1
386 2 1695 259 64 42 0 0 -1
387 1 851 642 150 58 0 0 -1
387 2 1689 258 73 39 0 0 -1
388 1 851 642 150 58 0 0 -1
388 2 1693 263 62 35 0 0 -1
389 1 856 647 150 62 0 0 -1
389 2 1693 263 65 41 0 0 -1
390 1 866 647 150 62 0 0 -1
390 2 1691 262 70 40 0 0 -1
391 1 876 652 150 62 0 0 -1
391 2 1689 262 70 38 0 0 -1
392 1 886 652 150 62 0 0 -1
392 2 1691 261 67 37 0 0 -1
393 1 891 657 150 62 0 0 -1
393 2 1689 259 68 46 0 0 -1
394 1 891 657 150 62 0 0 -1
394 2 1686 259 72 49 0 0 -1
395 1 896 667 150 62 0 0 -1
395 2 1686 261 73 45 0 0 -1
396 1 896 667 150 62 0 0 -1
396 2 1685 261 69 41 0 0 -1
397 1 901 672 150 62 0 0 -1
397 2 1691 261 64 41 0 0 -1
398 1 906 677 147 62 0 0 -1
398 2 1685 262 73 40 0 0 -1
399 1 906 682 147 62 0 0 -1
399 2 1682 262 76 40 0 0 -1
400 1 911 681 143 62 0 0 -1
400 2 1689 263 68 41 0 0 -1
401 1 911 686 143 62 0 0 -1
401 2 1690 267 64 35 0 0 -1
402 1 911 691 143 62 0 0 -1
402 2 1687 264 66 40 0 0 -1
403 1 911 691 143 62 0 0 -1
403 2 1687 263 67 45 0 0 -1
404 1 906 691 143 62 0 0 -1
404 2 1691 263 59 39 0 0 -1
405 1 906 691 143 62 0 0 -1
405 2 1690 264 60 41 0 0 -1
406 1 906 691 143 62 0 0 -1
406 2 1681 263 70 41 0 0 -1
407 1 906 691 143 62 0 0 -1
407 2 1687 263 66 37 0 0 -1
408 1 901 691 143 62 0 0 -1
408 2 1689 262 62 44 0 0 -1
409 1 901 691 143 62 0 0 -1
409 2 1686 263 68 43 0 0 -1
410 1 901 696 138 62 0 0 -1
410 2 1686 266 65 39 0 0 -1
411 1 896 696 138 62 0 0 -1
411 2 1683 264 68 38 0 0 -1
412 1 896 696 138 62 0 0 -1
412 2 1685 263 68 41 0 0 -1
413 1 896 696 138 62 0 0 -1
413 2 1685 264 65 37 0 0 -1
414 1 896 701 138 62 0 0 -1
414 2 1687 264 66 41 0 0 -1
415 1 891 706 138 62 0 0 -1
415 2 1683 264 64 40 0 0 -1
416 1 891 706 138 62 0 0 -1
416 2 1682 266 62 40 0 0 -1
417 1 891 712 138 56 0 0 -1
417 2 1681 266 69 36 0 0 -1
418 1 891 712 138 56 0 0 -1
418 2 1681 267 66 35 0 0 -1
419 1 891 712 138 56 0 0 -1
419 2 1683 268 59 36 0 0 -1
420 1 891 712 138 56 0 0 -1
420 2 1687 266 58 40 0 0 -1
421 1 894 712 138 56 0 0 -1
421 2 1683 270 61 34 0 0 -1
422 1 896 712 138 56 0 0 -1
422 2 1683 270 59 35 0 0 -1
423 1 896 712 138 56 0 0 -1
423 2 1683 267 57 41 0 0 -1
424 1 896 712 138 56 0 0 -1
424 2 1681 267 60 37 0 0 -1
425 1 896 712 138 56 0 0 -1
425 2 1685 266 53 43 0 0 -1
426 1 901 707 138 56 0 0 -1
426 2 1682 267 60 39 0 0 -1
427 1 906 697 138 56 0 0 -1
427 2 1683 271 57 34 0 0 -1
428 1 911 682 138 56 0 0 -1
428 2 1685 271 55 37 0 0 -1
429 1 916 662 138 56 0 0 -1
429 2 1683 272 57 36 0 0 -1
430 1 916 662 138 56 0 0 -1
430 2 1681 272 60 41 0 0 -1
431 1 921 647 138 56 0 0 -1
431 2 1677 270 64 39 0 0 -1
432 1 931 637 138 56 0 0 -1
432 2 1683 268 55 37 0 0 -1
433 1 936 622 138 56 0 0 -1
433 2 1682 267 60 45 0 0 -1
434 1 941 607 138 56 0 0 -1
434 2 1683 272 53 40 0 0 -1
435 1 951 597 138 56 0 0 -1
435 2 1686 271 52 37 0 0 -1
436 1 951 597 138 56 0 0 -1
436 2 1685 272 52 38 0 0 -1
437 1 956 592 138 56 0 0 -1
437 2 1683 271 58 38 0 0 -1
438 1 961 592 138 56 0 0 -1
438 2 1681 271 56 41 0 0 -1
439 1 961 587 138 56 0 0 -1
439 2 1682 272 60 40 0 0 -1
440 1 965 587 133 56 0 0 -1
440 2 1683 272 55 34 0 0 -1
441 1 965 582 133 56 0 0 -1
441 2 1681 268 63 44 0 0 -1
442 1 965 582 133 56 0 0 -1
442 2 1681 270 56 39 0 0 -1
443 1 965 582 133 56 0 0 -1
443 2 1683 268 57 41 0 0 -1
444 1 965 587 133 56 0 0 -1
444 2 1683 268 53 40 0 0 -1
445 1 955 592 133 56 0 0 -1
445 2 1679 272 59 42 0 0 -1
446 1 945 592 133 56 0 0 -1
446 2 1677 266 60 43 0 0 -1
447 1 935 597 133 56 0 0 -1
447 2 1677 270 64 45 0 0 -1
448 1 935 597 133 56 0 0 -1
448 2 1681 268 53 46 0 0 -1
449 1 925 597 133 56 0 0 -1
449 2 1674 270 56 43 0 0 -1
450 1 910 602 133 56 0 0 -1
450 2 1674 275 59 37 0 0 -1
451 1 900 602 133 56 0 0 -1
451 2 1673 274 52 39 0 0 -1
452 1 885 602 133 56 0 0 -1
452 2 1672 280 53 34 0 0 -1
453 1 875 602 133 56 0 0 -1
453 2 1666 271 70 42 0 0 -1
454 1 875 602 133 56 0 0 -1
454 2 1662 272 65 46 0 0 -1
455 1 862 597 131 56 0 0 -1
455 2 1661 272 67 41 0 0 -1
456 1 862 597 131 56 0 0 -1
456 2 1666 270 62 48 0 0 -1
457 1 857 597 131 56 0 0 -1
457 2 1659 271 58 46 0 0 -1
458 1 852 587 131 56 0 0 -1
458 2 1655 274 61 43 0 0 -1
459 1 852 572 131 56 0 0 -1
459 2 1653 275 66 40 0 0 -1
460 1 852 572 131 56 0 0 -1
460 2 1647 276 65 43 0 0 -1
461 1 847 562 131 53 0 0 -1
461 2 1647 275 65 40 0 0 -1
462 1 847 547 131 53 0 0 -1
462 2 1645 276 51 43 0 0 -1
463 1 842 542 131 53 0 0 -1
463 2 1640 276 60 43 0 0 -1
464 1 842 537 131 53 0 0 -1
464 2 1639 278 59 36 0 0 -1
465 1 837 537 131 53 0 0 -1
465 2 1635 275 55 44 0 0 -1
466 1 837 537 131 53 0 0 -1
466 2 1627 281 64 41 0 0 -1
467 1 832 537 131 53 0 0 -1
467 2 1622 280 65 37 0 0 -1
468 1 827 537 131 53 0 0 -1
468 2 1619 283 59 40 0 0 -1
469 1 817 537 131 53 0 0 -1
469 2 1613 284 65 29 0 0 -1
470 1 817 532 131 53 0 0 -1
470 2 1614 287 59 32 0 0 -1
471 1 811 527 131 53 0 0 -1
471 2 1613 283 57 32 0 0 -1
472 1 811 527 131 53 0 0 -1
472 2 1610 287 60 34 0 0 -1
473 1 811 522 131 53 0 0 -1
473 2 1606 281 60 37 0 0 -1
474 1 806 517 131 53 0 0 -1
474 2 1609 285 52 40 0 0 -1
475 1 806 512 131 53 0 0 -1
475 2 1602 288 57 31 0 0 -1
476 1 806 507 131 53 0 0 -1
476 2 1601 291 50 31 0 0 -1
477 1 806 502 131 53 0 0 -1
477 2 1591 291 60 35 0 0 -1
478 1 806 487 131 53 0 0 -1
478 2 1594 288 57 39 0 0 -1
479 1 806 487 131 53 0 0 -1
479 2 1593 291 51 39 0 0 -1
480 1 806 477 131 53 0 0 -1
480 2 1589 296 63 33 0 0 -1
481 1 811 467 131 53 0 0 -1
481 2 1593 297 50 37 0 0 -1
482 1 811 452 131 53 0 0 -1
482 2 1589 298 50 33 0 0 -1
483 1 816 437 131 53 0 0 -1
483 2 1588 298 50 40 0 0 -1
484 1 826 422 125 53 0 0 -1
484 2 1588 303 47 32 0 0 -1
485 1 826 422 125 53 0 0 -1
485 2 1587 309 51 25 0 0 -1
486 1 831 412 125 53 0 0 -1
486 2 1587 309 51 34 0 0 -1
487 1 837 411 118 51 0 0 -1
487 2 1581 312 46 32 0 0 -1
488 1 837 401 118 51 0 0 -1
488 2 1580 310 52 32 0 0 -1
489 1 842 396 118 51 0 0 -1
489 2 1584 314 56 30 0 0 -1
490 1 847 391 118 51 0 0 -1
490 2 1577 317 58 32 0 0 -1
491 1 847 391 118 51 0 0 -1
491 2 1583 322 49 30 0 0 -1
492 1 847 391 118 51 0 0 -1
492 2 1575 321 57 28 0 0 -1
493 1 852 386 118 51 0 0 -1
493 2 1576 322 59 35 0 0 -1
494 1 852 381 118 51 0 0 -1
494 2 1572 322 59 38 0 0 -1
495 1 857 376 118 51 0 0 -1
495 2 1577 326 57 37 0 0 -1
496 1 857 376 118 51 0 0 -1
496 2 1574 326 61 38 0 0 -1
497 1 857 376 118 51 0 0 -1
497 2 1576 330 56 36 0 0 -1
498 1 862 373 118 49 0 0 -1
498 2 1574 334 64 32 0 0 -1
499 1 862 371 118 48 0 0 -1
499 2 1576 332 59 41 0 0 -1
500 1 867 371 114 46 0 0 -1
500 2 1577 339 54 31 0 0 -1
501 1 872 366 111 46 0 0 -1
501 2 1577 341 51 32 0 0 -1
502 1 877 361 111 46 0 0 -1
502 2 1584 343 48 29 0 0 -1
503 1 877 361 111 46 0 0 -1
503 2 1580 344 48 29 0 0 -1
504 1 882 358 104 44 0 0 -1
504 2 1577 344 55 37 0 0 -1
505 1 882 353 104 44 0 0 -1
505 2 1572 344 62 41 0 0 -1
506 1 887 348 104 44 0 0 -1
506 2 1579 346 56 36 0 0 -1
507 1 892 343 104 44 0 0 -1
507 2 1577 353 58 30 0 0 -1
508 1 897 338 101 41 0 0 -1
508 2 1580 355 56 31 0 0 -1
509 1 897 338 101 41 0 0 -1
509 2 1580 353 52 38 0 0 -1
510 1 897 328 101 41 0 0 -1
510 2 1576 355 58 35 0 0 -1
511 1 902 318 104 41 0 0 -1
511 2 1580 355 51 36 0 0 -1
512 1 912 308 101 41 0 0 -1
512 2 1579 361 52 32 0 0 -1
513 1 917 303 101 41 0 0 -1
513 2 1575 359 61 38 0 0 -1
514 1 922 293 101 41 0 0 -1
514 2 1575 363 61 36 0 0 -1
515 1 922 293 101 41 0 0 -1
515 2 1576 368 56 35 0 0 -1
516 1 927 288 101 41 0 0 -1
516 2 1584 364 47 38 0 0 -1
517 1 932 283 101 41 0 0 -1
517 2 1580 366 54 37 0 0 -1
518 1 937 278 101 41 0 0 -1
518 2 1577 369 53 31 0 0 -1
519 1 947 268 101 41 0 0 -1
519 2 1581 374 51 30 0 0 -1
520 1 952 263 101 41 0 0 -1
520 2 1574 376 60 31 0 0 -1
521 1 952 263 101 41 0 0 -1
521 2 1576 377 52 35 0 0 -1
522 1 957 253 101 41 0 0 -1
522 2 1575 376 60 38 0 0 -1
523 1 962 248 101 41 0 0 -1
523 2 1572 380 64 34 0 0 -1
524 1 972 243 95 41 0 0 -1
524 2 1572 387 59 28 0 0 -1
525 1 977 238 95 41 0 0 -1
525 2 1576 381 58 36 0 0 -1
526 1 982 233 95 41 0 0 -1
526 2 1576 385 55 27 0 0 -1
527 1 982 233 95 41 0 0 -1
527 2 1577 382 53 34 0 0 -1
528 1 987 228 95 41 0 0 -1
528 2 1577 385 62 34 0 0 -1
529 1 992 218 95 41 0 0 -1
529 2 1576 386 62 34 0 0 -1
530 1 997 213 95 41 0 0 -1
530 2 1576 385 56 35 0 0 -1
531 1 1002 203 95 41 0 0 -1
531 2 1577 387 55 32 0 0 -1
532 1 1007 193 95 41 0 0 -1
532 2 1574 386 56 35 0 0 -1
533 1 1007 193 95 41 0 0 -1
533 2 1579 390 53 30 0 0 -1
534 1 1012 183 95 41 0 0 -1
534 2 1579 389 55 35 0 0 -1
535 1 1021 175 91 37 0 0 -1
535 2 1577 389 57 34 0 0 -1
536 1 1021 165 91 37 0 0 -1
536 2 1579 389 55 32 0 0 -1
537 1 1023 147 91 37 0 0 -1
537 2 1576 386 60 39 0 0 -1
538 1 1028 132 91 37 0 0 -1
538 2 1575 390 60 33 0 0 -1
539 1 1028 132 91 37 0 0 -1
539 2 1576 389 55 33 0 0 -1
540 1 1033 122 91 37 0 0 -1
540 2 1580 390 54 35 0 0 -1
541 1 1029 114 91 37 0 0 -1
541 2 1577 391 54 30 0 0 -1
542 1 1029 109 91 37 0 0 -1
542 2 1577 390 57 29 0 0 -1
543 1 1029 104 91 37 0 0 -1
543 2 1579 390 57 33 0 0 -1
544 1 1024 99 91 37 0 0 -1
544 2 1583 393 44 30 0 0 -1
545 1 1024 99 91 37 0 0 -1
545 2 1576 389 59 34 0 0 -1
546 1 1024 94 91 37 0 0 -1
546 2 1579 390 53 31 0 0 -1
547 1 1024 94 91 37 0 0 -1
547 2 1579 389 57 32 0 0 -1
548 1 1022 97 91 37 0 0 -1
548 2 1587 387 45 34 0 0 -1
549 1 1022 97 91 37 0 0 -1
549 2 1585 390 49 29 0 0 -1
550 1 1027 112 91 37 0 0 -1
550 2 1587 389 47 32 0 0 -1
551 1 1027 112 91 37 0 0 -1
551 2 1588 390 48 31 0 0 -1
552 1 1032 122 91 37 0 0 -1
552 2 1587 387 52 33 0 0 -1
553 1 1032 132 91 37 0 0 -1
553 2 1587 385 58 39 0 0 -1
554 1 1032 147 91 37 0 0 -1
554 2 1593 390 50 31 0 0 -1
555 1 1032 152 91 37 0 0 -1
555 2 1597 389 47 31 0 0 -1
556 1 1027 162 91 37 0 0 -1
556 2 1597 389 54 32 0 0 -1
557 1 1022 162 91 37 0 0 -1
557 2 1600 389 51 32 0 0 -1
558 1 1017 162 91 37 0 0 -1
558 2 1601 390 55 30 0 0 -1
559 1 1017 162 91 37 0 0 -1
559 2 1605 387 56 30 0 0 -1
560 1 1012 162 91 37 0 0 -1
560 2 1608 386 57 33 0 0 -1
561 1 1002 162 91 37 0 0 -1
561 2 1610 385 62 31 0 0 -1
562 1 992 157 91 37 0 0 -1
562 2 1610 389 64 30 0 0 -1
563 1 992 157 91 37 0 0 -1
563 2 1613 386 68 34 0 0 -1
564 1 987 157 91 37 0 0 -1
564 2 1615 383 70 36 0 0 -1
565 1 972 152 91 37 0 0 -1
565 2 1621 382 64 35 0 0 -1
566 1 962 152 91 37 0 0 -1
566 2 1626 381 74 39 0 0 -1
567 1 957 147 91 37 0 0 -1
567 2 1626 382 73 34 0 0 -1
568 1 942 147 91 37 0 0 -1
568 2 1631 380 72 39 0 0 -1
569 1 942 147 91 37 0 0 -1
569 2 1645 383 63 32 0 0 -1
570 1 927 147 91 37 0 0 -1
570 2 1657 385 53 31 0 0 -1
571 1 917 142 91 37 0 0 -1
571 2 1656 385 63 30 0 0 -1
572 1 907 142 91 37 0 0 -1
572 2 1661 381 66 31 0 0 -1
573 1 905 138 88 36 0 0 -1
573 2 1664 381 63 31 0 0 -1
574 1 900 138 88 36 0 0 -1
574 2 1670 380 66 32 0 0 -1
575 1 900 138 88 36 0 0 -1
575 2 1672 377 69 38 0 0 -1
576 1 895 138 88 36 0 0 -1
576 2 1679 378 61 34 0 0 -1
577 1 890 138 88 36 0 0 -1
577 2 1687 381 59 30 0 0 -1
578 1 885 138 88 36 0 0 -1
578 2 1691 374 60 38 0 0 -1
579 1 880 133 88 36 0 0 -1
579 2 1699 376 62 35 0 0 -1
580 1 875 133 88 36 0 0 -1
580 2 1696 376 65 40 0 0 -1
581 1 875 133 88 36 0 0 -1
581 2 1703 373 65 39 0 0 -1
582 1 870 133 88 36 0 0 -1
582 2 1708 372 66 39 0 0 -1
583 1 865 133 88 36 0 0 -1
583 2 1713 373 70 41 0 0 -1
584 1 855 133 88 36 0 0 -1
584 2 1719 378 70 30 0 0 -1
585 1 850 133 88 36 0 0 -1
585 2 1720 369 68 48 0 0 -1
586 1 847 133 81 36 0 0 -1
586 2 1727 369 62 39 0 0 -1
587 1 847 133 81 36 0 0 -1
587 2 1734 372 61 39 0 0 -1
588 1 842 133 81 36 0 0 -1
588 2 1738 376 51 35 0 0 -1
589 1 832 133 81 36 0 0 -1
589 2 1742 368 51 42 0 0 -1
590 1 827 128 81 36 0 0 -1
590 2 1747 368 59 42 0 0 -1
591 1 817 128 81 36 0 0 -1
591 2 1751 368 55 40 0 0 -1
592 1 812 128 81 36 0 0 -1
592 2 1757 369 56 39 0 0 -1
593 1 812 128 81 36 0 0 -1
593 2 1754 369 59 35 0 0 -1
594 1 802 128 81 36 0 0 -1
594 2 1757 368 58 42 0 0 -1
595 1 792 128 81 36 0 0 -1
595 2 1751 366 67 41 0 0 -1
596 1 787 128 81 36 0 0 -1
596 2 1757 368 61 39 0 0 -1
597 1 782 128 81 36 0 0 -1
597 2 1757 366 56 40 0 0 -1
598 1 777 128 81 36 0 0 -1
598 2 1759 366 73 37 0 0 -1
599 1 777 128 81 36 0 0 -1
599 2 1758 365 64 45 0 0 -1
600 1 767 128 81 36 0 0 -1
600 2 1762 366 61 40 0 0 -1
601 1 767 123 69 36 0 0 -1
601 2 1761 369 64 41 0 0 -1
602 1 762 123 69 36 0 0 -1
602 2 1762 370 63 36 0 0 -1
603 1 754 118 69 36 0 0 -1
603 2 1758 370 74 36 0 0 -1
604 1 749 118 69 36 0 0 -1
604 2 1763 372 60 34 0 0 -1
605 1 749 118 69 36 0 0 -1
605 2 1763 372 62 36 0 0 -1
606 1 744 118 69 36 0 0 -1
606 2 1766 369 64 33 0 0 -1
607 1 739 113 69 36 0 0 -1
607 2 1764 365 63 39 0 0 -1
608 1 734 113 69 36 0 0 -1
608 2 1764 366 63 37 0 0 -1
609 1 729 111 69 38 0 0 -1
609 2 1770 364 60 42 0 0 -1
610 1 724 111 69 38 0 0 -1
610 2 1772 364 57 40 0 0 -1
611 1 724 111 69 38 0 0 -1
611 2 1767 364 63 39 0 0 -1
612 1 714 111 69 38 0 0 -1
612 2 1767 366 65 38 0 0 -1
613 1 707 111 71 38 0 0 -1
613 2 1768 366 58 34 0 0 -1
614 1 701 111 72 38 0 0 -1
614 2 1770 364 59 38 0 0 -1
615 1 691 111 72 38 0 0 -1
615 2 1770 365 61 39 0 0 -1
616 1 686 111 72 38 0 0 -1
616 2 1763 364 68 38 0 0 -1
617 1 686 111 72 38 0 0 -1
617 2 1770 364 61 40 0 0 -1
618 1 681 111 72 38 0 0 -1
618 2 1772 363 60 40 0 0 -1
619 1 671 111 72 38 0 0 -1
619 2 1763 364 69 40 0 0 -1
620 1 666 106 72 38 0 0 -1
620 2 1768 369 54 35 0 0 -1
621 1 661 106 72 38 0 0 -1
621 2 1774 365 56 38 0 0 -1
622 1 656 101 72 38 0 0 -1
622 2 1767 366 65 38 0 0 -1
623 1 651 101 72 38 0 0 -1
623 2 1764 368 70 31 0 0 -1
624 1 646 101 72 38 0 0 -1
624 2 1764 366 66 38 0 0 -1
625 1 635 99 78 38 0 0 -1
625 2 1763 366 68 36 0 0 -1
626 1 630 99 78 38 0 0 -1
626 2 1764 369 71 31 0 0 -1
627 1 625 94 78 38 0 0 -1
627 2 1761 366 69 37 0 0 -1
628 1 615 94 78 38 0 0 -1
628 2 1764 368 65 32 0 0 -1
629 1 615 94 78 38 0 0 -1
629 2 1761 368 70 35 0 0 -1
630 1 605 94 78 38 0 0 -1
630 2 1763 366 67 36 0 0 -1
631 1 600 94 78 38 0 0 -1
631 2 1762 368 64 35 0 0 -1
632 1 594 91 82 41 0 0 -1
632 2 1761 368 69 34 0 0 -1
633 1 584 91 82 41 0 0 -1
633 2 1764 366 62 38 0 0 -1
634 1 579 91 82 41 0 0 -1
634 2 1758 365 73 38 0 0 -1
635 1 579 91 82 41 0 0 -1
635 2 1764 366 67 34 0 0 -1
636 1 574 91 82 41 0 0 -1
636 2 1762 368 64 34 0 0 -1
637 1 564 93 84 39 0 0 -1
637 2 1759 365 67 38 0 0 -1
638 1 559 93 84 39 0 0 -1
638 2 1764 372 58 31 0 0 -1
639 1 549 98 84 39 0 0 -1
639 2 1761 364 62 35 0 0 -1
640 1 544 98 84 39 0 0 -1
640 2 1759 364 63 39 0 0 -1
641 1 539 98 84 39 0 0 -1
641 2 1757 368 66 31 0 0 -1
642 1 539 98 84 39 0 0 -1
642 2 1758 369 63 33 0 0 -1
643 1 529 103 84 39 0 0 -1
643 2 1761 365 64 37 0 0 -1
644 1 519 105 84 39 0 0 -1
644 2 1755 369 66 30 0 0 -1
645 1 514 105 84 39 0 0 -1
645 2 1757 364 66 42 0 0 -1
646 1 504 110 84 39 0 0 -1
646 2 1754 364 68 36 0 0 -1
647 1 494 110 84 39 0 0 -1
647 2 1755 364 67 35 0 0 -1
648 1 494 112 84 39 0 0 -1
648 2 1761 369 58 31 0 0 -1
649 1 485 116 88 40 0 0 -1
649 2 1757 368 70 36 0 0 -1
650 1 475 116 88 40 0 0 -1
650 2 1757 370 62 32 0 0 -1
651 1 466 121 88 40 0 0 -1
651 2 1753 365 73 39 0 0 -1
652 1 456 126 88 40 0 0 -1
652 2 1757 368 70 36 0 0 -1
653 1 451 126 88 40 0 0 -1
653 2 1758 368 73 36 0 0 -1
654 1 451 126 88 40 0 0 -1
654 2 1757 376 64 32 0 0 -1
655 1 441 126 88 40 0 0 -1
655 2 1758 376 68 34 0 0 -1
656 1 431 131 88 40 0 0 -1
656 2 1757 374 73 34 0 0 -1
657 1 426 131 88 40 0 0 -1
657 2 1762 376 63 35 0 0 -1
658 1 416 136 88 40 0 0 -1
658 2 1759 376 68 34 0 0 -1
659 1 406 136 88 40 0 0 -1
659 2 1762 376 68 39 0 0 -1
660 1 406 136 88 40 0 0 -1
660 2 1759 381 70 33 0 0 -1
661 1 401 141 88 40 0 0 -1
661 2 1766 382 63 35 0 0 -1
662 1 391 141 88 40 0 0 -1
662 2 1759 381 70 39 0 0 -1
663 1 386 141 88 40 0 0 -1
663 2 1761 385 65 32 0 0 -1
664 1 381 146 88 40 0 0 -1
664 2 1759 386 68 38 0 0 -1
665 1 372 150 88 40 0 0 -1
665 2 1763 387 62 37 0 0 -1
666 1 372 150 88 40 0 0 -1
666 2 1766 389 64 35 0 0 -1
667 1 367 150 88 40 0 0 -1
667 2 1766 389 64 39 0 0 -1
668 1 357 155 88 40 0 0 -1
668 2 1764 393 67 35 0 0 -1
669 1 352 155 88 40 0 0 -1
669 2 1762 391 70 38 0 0 -1
670 1 347 155 88 40 0 0 -1
670 2 1761 398 70 31 0 0 -1
671 1 342 160 88 40 0 0 -1
671 2 1766 399 61 32 0 0 -1
672 1 342 160 88 40 0 0 -1
672 2 1767 398 63 35 0 0 -1
673 1 337 160 88 40 0 0 -1
673 2 1764 400 68 36 0 0 -1
674 1 332 160 88 40 0 0 -1
674 2 1762 402 63 36 0 0 -1
675 1 327 160 88 40 0 0 -1
675 2 1768 402 62 32 0 0 -1
676 1 322 165 88 40 0 0 -1
676 2 1770 402 57 34 0 0 -1
677 1 317 165 88 40 0 0 -1
677 2 1770 406 61 35 0 0 -1
678 1 317 165 88 40 0 0 -1
678 2 1764 408 68 33 0 0 -1
679 1 307 165 88 40 0 0 -1
679 2 1766 408 64 36 0 0 -1
680 1 307 165 88 40 0 0 -1
680 2 1762 407 72 39 0 0 -1
681 1 302 170 88 40 0 0 -1
681 2 1763 412 69 33 0 0 -1
682 1 297 175 88 40 0 0 -1
682 2 1763 415 68 34 0 0 -1
683 1 292 175 88 40 0 0 -1
683 2 1768 414 66 36 0 0 -1
684 1 292 175 88 40 0 0 -1
684 2 1771 413 59 36 0 0 -1
685 1 287 175 88 40 0 0 -1
685 2 1770 420 62 31 0 0 -1
686 1 282 175 88 40 0 0 -1
686 2 1770 417 53 38 0 0 -1
687 1 277 175 88 40 0 0 -1
687 2 1768 422 64 33 0 0 -1
688 1 277 175 88 40 0 0 -1
688 2 1771 424 63 30 0 0 -1
689 1 272 180 88 40 0 0 -1
689 2 1764 421 70 36 0 0 -1
690 1 272 180 88 40 0 0 -1
690 2 1768 427 63 30 0 0 -1
691 1 267 180 88 40 0 0 -1
691 2 1762 425 77 38 0 0 -1
692 1 262 180 88 40 0 0 -1
692 2 1766 429 66 33 0 0 -1
693 1 257 180 88 40 0 0 -1
693 2 1771 421 63 40 0 0 -1
694 1 257 180 88 40 0 0 -1
694 2 1774 428 53 33 0 0 -1
695 1 252 175 88 40 0 0 -1
695 2 1768 427 61 32 0 0 -1
696 1 252 175 88 40 0 0 -1
696 2 1768 425 61 37 0 0 -1
697 1 247 175 88 40 0 0 -1
697 2 1775 432 56 31 0 0 -1
698 1 247 175 88 40 0 0 -1
698 2 1774 427 60 32 0 0 -1
699 1 247 175 88 40 0 0 -1
699 2 1774 425 53 38 0 0 -1
700 1 242 175 88 40 0 0 -1
700 2 1779 430 48 35 0 0 -1
701 1 237 175 88 40 0 0 -1
701 2 1775 427 54 32 0 0 -1
702 1 237 175 88 40 0 0 -1
702 2 1775 425 52 34 0 0 -1
703 1 237 175 88 40 0 0 -1
703 2 1775 428 52 34 0 0 -1
704 1 237 175 88 40 0 0 -1
704 2 1776 428 50 34 0 0 -1
705 1 237 175 88 40 0 0 -1
705 2 1776 424 58 38 0 0 -1
706 1 237 175 88 40 0 0 -1
706 2 1774 428 61 38 0 0 -1
707 1 237 175 88 40 0 0 -1
707 2 1771 428 58 35 0 0 -1
708 1 237 175 88 40 0 0 -1
708 2 1776 428 56 34 0 0 -1
709 1 237 175 88 40 0 0 -1
709 2 1772 427 58 39 0 0 -1
710 1 232 175 88 40 0 0 -1
710 2 1772 427 63 35 0 0 -1
711 1 237 175 88 40 0 0 -1
711 2 1774 425 57 37 0 0 -1
712 1 237 175 88 40 0 0 -1
712 2 1776 427 59 35 0 0 -1
713 1 232 175 88 40 0 0 -1
713 2 1778 427 64 31 0 0 -1
714 1 232 175 88 40 0 0 -1
714 2 1780 425 59 36 0 0 -1
715 1 232 175 88 40 0 0 -1
715 2 1781 427 59 31 0 0 -1
716 1 232 180 88 40 0 0 -1
716 2 1780 425 64 38 0 0 -1
717 1 232 185 88 40 0 0 -1
717 2 1779 429 69 32 0 0 -1
718 1 232 190 88 40 0 0 -1
718 2 1779 427 67 34 0 0 -1
719 1 227 195 88 40 0 0 -1
719 2 1779 424 69 34 0 0 -1
720 1 227 195 88 40 0 0 -1
720 2 1787 424 61 34 0 0 -1
721 1 217 195 88 40 0 0 -1
721 2 1789 427 60 34 0 0 -1
722 1 217 200 88 40 0 0 -1
722 2 1793 425 58 32 0 0 -1
723 1 218 200 80 40 0 0 -1
723 2 1797 425 56 32 0 0 -1
724 1 213 200 80 40 0 0 -1
724 2 1798 421 57 34 0 0 -1
725 1 213 200 80 40 0 0 -1
725 2 1797 425 66 34 0 0 -1
726 1 213 200 80 40 0 0 -1
726 2 1806 424 51 33 0 0 -1
727 1 208 200 80 40 0 0 -1
727 2 1806 423 53 32 0 0 -1
728 1 203 200 80 40 0 0 -1
728 2 1810 423 49 38 0 0 -1
729 1 198 200 80 40 0 0 -1
729 2 1817 427 40 32 0 0 -1
730 1 202 200 70 40 0 0 -1
730 2 1823 427 40 35 0 0 -1
731 1 202 200 70 40 0 0 -1
731 2 1821 428 48 38 0 0 -1
732 1 202 200 70 40 0 0 -1
732 2 1821 425 52 38 0 0 -1
733 1 197 195 70 40 0 0 -1
733 2 1826 428 54 35 0 0 -1
734 1 192 195 70 40 0 0 -1
734 2 1823 428 54 30 0 0 -1
735 1 187 195 70 40 0 0 -1
735 2 1822 427 68 34 0 0 -1
736 1 187 195 70 40 0 0 -1
736 2 1825 428 72 33 0 0 -1
737 1 182 200 70 40 0 0 -1
737 2 1825 425 72 38 0 0 -1
738 1 182 200 70 40 0 0 -1
738 2 1838 428 65 34 0 0 -1
739 1 177 200 70 40 0 0 -1
739 2 1840 427 60 39 0 0 -1
740 1 177 205 70 40 0 0 -1
740 2 1838 425 72 41 0 0 -1
741 1 172 205 70 40 0 0 -1
741 2 1844 421 67 47 0 0 -1
742 1 172 205 70 40 0 0 -1
742 2 1851 424 69 41 0 0 -1
743 1 167 210 70 40 0 0 -1
743 2 1855 428 60 33 0 0 -1
744 1 167 210 70 40 0 0 -1
744 2 1853 427 68 32 0 0 -1
745 1 167 210 70 40 0 0 -1
745 2 1856 425 65 37 0 0 -1
746 1 167 215 70 40 0 0 -1
746 2 1866 428 55 34 0 0 -1
747 1 167 215 70 40 0 0 -1
747 2 1859 425 62 36 0 0 -1
748 1 167 225 70 40 0 0 -1
748 2 1859 423 62 38 0 0 -1
749 1 167 230 70 40 0 0 -1
749 2 1864 425 57 40 0 0 -1
750 1 167 230 70 40 0 0 -1
750 2 1876 424 45 43 0 0 -1
751 1 167 230 70 40 0 0 -1
751 2 1876 424 45 35 0 0 -1
752 1 167 235 70 40 0 0 -1
752 2 1880 421 41 40 0 0 -1
753 1 172 240 70 40 0 0 -1
753 2 1882 425 39 41 0 0 -1
754 1 172 245 70 40 0 0 -1
754 2 -100 -100 -100 -100 0 0 -1
755 1 172 250 70 40 0 0 -1
755 2 -100 -100 -100 -100 0 0 -1
756 1 172 250 70 40 0 0 -1
756 2 -100 -100 -100 -100 0 0 -1
757 1 172 259 75 40 0 0 -1
757 2 -100 -100 -100 -100 0 0 -1
758 1 172 259 75 40 0 0 -1
758 2 -100 -100 -100 -100 0 0 -1
759 1 172 269 75 40 0 0 -1
759 2 -100 -100 -100 -100 0 0 -1
760 1 172 269 75 40 0 0 -1
760 2 -100 -100 -100 -100 0 0 -1
761 1 172 274 75 40 0 0 -1
761 2 -100 -100 -100 -100 0 0 -1
762 1 172 274 75 40 0 0 -1
762 2 -100 -100 -100 -100 0 0 -1
763 1 172 279 75 40 0 0 -1
763 2 -100 -100 -100 -100 0 0 -1
764 1 177 284 75 40 0 0 -1
764 2 -100 -100 -100 -100 0 0 -1
765 1 177 284 75 40 0 0 -1
765 2 -100 -100 -100 -100 0 0 -1
766 1 177 284 75 40 0 0 -1
766 2 -100 -100 -100 -100 0 0 -1
767 1 177 284 75 40 0 0 -1
767 2 -100 -100 -100 -100 0 0 -1
768 1 177 289 75 40 0 0 -1
768 2 -100 -100 -100 -100 0 0 -1
769 1 170 290 82 40 0 0 -1
769 2 -100 -100 -100 -100 0 0 -1
770 1 170 290 82 40 0 0 -1
770 2 -100 -100 -100 -100 0 0 -1
771 1 170 295 82 40 0 0 -1
771 2 -100 -100 -100 -100 0 0 -1
772 1 170 295 82 40 0 0 -1
772 2 -100 -100 -100 -100 0 0 -1
773 1 170 295 82 40 0 0 -1
773 2 -100 -100 -100 -100 0 0 -1
774 1 170 295 82 40 0 0 -1
774 2 -100 -100 -100 -100 0 0 -1
775 1 170 295 82 40 0 0 -1
775 2 -100 -100 -100 -100 0 0 -1
776 1 170 295 82 40 0 0 -1
776 2 -100 -100 -100 -100 0 0 -1
777 1 170 295 82 40 0 0 -1
777 2 -100 -100 -100 -100 0 0 -1
778 1 170 295 82 40 0 0 -1
778 2 -100 -100 -100 -100 0 0 -1
779 1 170 295 82 40 0 0 -1
779 2 -100 -100 -100 -100 0 0 -1
780 1 170 295 82 40 0 0 -1
780 2 -100 -100 -100 -100 0 0 -1
781 1 170 295 82 40 0 0 -1
781 2 -100 -100 -100 -100 0 0 -1
782 1 170 295 82 40 0 0 -1
782 2 -100 -100 -100 -100 0 0 -1
783 1 170 295 82 40 0 0 -1
783 2 -100 -100 -100 -100 0 0 -1
784 1 170 295 82 40 0 0 -1
784 2 -100 -100 -100 -100 0 0 -1
785 1 170 295 82 40 0 0 -1
785 2 -100 -100 -100 -100 0 0 -1
786 1 170 295 82 40 0 0 -1
786 2 -100 -100 -100 -100 0 0 -1
787 1 170 295 82 40 0 0 -1
787 2 -100 -100 -100 -100 0 0 -1
788 1 175 295 82 40 0 0 -1
788 2 -100 -100 -100 -100 0 0 -1
789 1 175 300 82 40 0 0 -1
789 2 -100 -100 -100 -100 0 0 -1
790 1 180 300 82 40 0 0 -1
790 2 -100 -100 -100 -100 0 0 -1
791 1 180 305 82 40 0 0 -1
791 2 -100 -100 -100 -100 0 0 -1
792 1 180 305 82 40 0 0 -1
792 2 -100 -100 -100 -100 0 0 -1
793 1 180 305 82 40 0 0 -1
793 2 -100 -100 -100 -100 0 0 -1
794 1 185 305 82 40 0 0 -1
794 2 -100 -100 -100 -100 0 0 -1
795 1 185 310 82 40 0 0 -1
795 2 -100 -100 -100 -100 0 0 -1
796 1 185 310 82 40 0 0 -1
796 2 -100 -100 -100 -100 0 0 -1
797 1 190 310 82 40 0 0 -1
797 2 -100 -100 -100 -100 0 0 -1
798 1 190 310 82 40 0 0 -1
798 2 -100 -100 -100 -100 0 0 -1
799 1 190 315 82 40 0 0 -1
799 2 -100 -100 -100 -100 0 0 -1
800 1 195 310 82 40 0 0 -1
800 2 -100 -100 -100 -100 0 0 -1
801 1 195 310 82 40 0 0 -1
801 2 -100 -100 -100 -100 0 0 -1
802 1 200 315 82 40 0 0 -1
802 2 -100 -100 -100 -100 0 0 -1
803 1 200 315 82 40 0 0 -1
803 2 -100 -100 -100 -100 0 0 -1
804 1 205 315 82 40 0 0 -1
804 2 -100 -100 -100 -100 0 0 -1
805 1 205 315 82 40 0 0 -1
805 2 -100 -100 -100 -100 0 0 -1
806 1 210 315 82 40 0 0 -1
806 2 -100 -100 -100 -100 0 0 -1
807 1 210 315 82 40 0 0 -1
807 2 -100 -100 -100 -100 0 0 -1
808 1 215 315 82 40 0 0 -1
808 2 -100 -100 -100 -100 0 0 -1
809 1 215 315 82 40 0 0 -1
809 2 -100 -100 -100 -100 0 0 -1
810 1 220 320 82 40 0 0 -1
810 2 -100 -100 -100 -100 0 0 -1
811 1 220 315 82 40 0 0 -1
811 2 -100 -100 -100 -100 0 0 -1
812 1 220 315 82 40 0 0 -1
812 2 -100 -100 -100 -100 0 0 -1
813 1 220 320 82 40 0 0 -1
813 2 -100 -100 -100 -100 0 0 -1
814 1 225 315 82 40 0 0 -1
814 2 -100 -100 -100 -100 0 0 -1
815 1 230 315 82 40 0 0 -1
815 2 -100 -100 -100 -100 0 0 -1
816 1 230 315 82 40 0 0 -1
816 2 -100 -100 -100 -100 0 0 -1
817 1 230 315 83 40 0 0 -1
817 2 -100 -100 -100 -100 0 0 -1
818 1 235 315 83 40 0 0 -1
818 2 -100 -100 -100 -100 0 0 -1
819 1 235 315 83 40 0 0 -1
819 2 -100 -100 -100 -100 0 0 -1
820 1 240 315 83 40 0 0 -1
820 2 -100 -100 -100 -100 0 0 -1
821 1 240 315 83 40 0 0 -1
821 2 -100 -100 -100 -100 0 0 -1
822 1 245 315 83 40 0 0 -1
822 2 -100 -100 -100 -100 0 0 -1
823 1 245 315 83 40 0 0 -1
823 2 -100 -100 -100 -100 0 0 -1
824 1 250 315 83 40 0 0 -1
824 2 -100 -100 -100 -100 0 0 -1
825 1 255 315 83 40 0 0 -1
825 2 -100 -100 -100 -100 0 0 -1
826 1 255 310 83 40 0 0 -1
826 2 -100 -100 -100 -100 0 0 -1
827 1 260 310 83 40 0 0 -1
827 2 -100 -100 -100 -100 0 0 -1
828 1 270 310 83 40 0 0 -1
828 2 -100 -100 -100 -100 0 0 -1
829 1 270 310 83 40 0 0 -1
829 2 -100 -100 -100 -100 0 0 -1
830 1 275 310 83 40 0 0 -1
830 2 -100 -100 -100 -100 0 0 -1
831 1 275 310 83 40 0 0 -1
831 2 -100 -100 -100 -100 0 0 -1
832 1 285 310 83 40 0 0 -1
832 2 1877 509 44 29 0 0 -1
833 1 290 310 83 40 0 0 -1
833 2 1868 509 53 33 0 0 -1
834 1 295 305 83 40 0 0 -1
834 2 1865 508 56 36 0 0 -1
835 1 295 305 83 40 0 0 -1
835 2 1865 510 56 28 0 0 -1
836 1 300 305 83 40 0 0 -1
836 2 1857 502 64 38 0 0 -1
837 1 305 305 83 40 0 0 -1
837 2 1859 501 62 38 0 0 -1
838 1 310 305 83 40 0 0 -1
838 2 1853 508 68 32 0 0 -1
839 1 315 305 83 40 0 0 -1
839 2 1844 509 72 34 0 0 -1
840 1 325 305 83 40 0 0 -1
840 2 1842 509 72 35 0 0 -1
841 1 325 305 83 40 0 0 -1
841 2 1839 508 63 39 0 0 -1
842 1 330 305 83 40 0 0 -1
842 2 1835 509 68 38 0 0 -1
843 1 335 305 83 40 0 0 -1
843 2 1825 510 70 34 0 0 -1
844 1 340 305 83 40 0 0 -1
844 2 1825 509 64 34 0 0 -1
845 1 345 310 83 40 0 0 -1
845 2 1819 510 67 36 0 0 -1
846 1 355 310 83 40 0 0 -1
846 2 1814 508 67 39 0 0 -1
847 1 355 310 83 40 0 0 -1
847 2 1809 510 67 34 0 0 -1
848 1 355 310 83 40 0 0 -1
848 2 1806 510 64 36 0 0 -1
849 1 360 310 83 40 0 0 -1
849 2 1796 512 70 35 0 0 -1
850 1 365 310 83 40 0 0 -1
850 2 1798 514 63 30 0 0 -1
851 1 370 320 83 40 0 0 -1
851 2 1793 516 60 28 0 0 -1
852 1 375 320 83 40 0 0 -1
852 2 1787 512 68 36 0 0 -1
853 1 375 320 83 40 0 0 -1
853 2 1779 512 64 41 0 0 -1
854 1 384 325 74 40 0 0 -1
854 2 1779 513 64 36 0 0 -1
855 1 384 330 74 40 0 0 -1
855 2 1770 514 69 32 0 0 -1
856 1 384 335 74 40 0 0 -1
856 2 1762 514 72 34 0 0 -1
857 1 389 340 74 40 0 0 -1
857 2 1766 517 63 32 0 0 -1
858 1 389 340 74 40 0 0 -1
858 2 1759 519 66 28 0 0 -1
859 1 389 340 74 40 0 0 -1
859 2 1751 518 64 30 0 0 -1
860 1 394 345 74 40 0 0 -1
860 2 1754 517 61 35 0 0 -1
861 1 399 350 74 40 0 0 -1
861 2 1745 517 61 38 0 0 -1
862 1 404 355 74 40 0 0 -1
862 2 1742 517 58 34 0 0 -1
863 1 409 360 74 40 0 0 -1
863 2 1736 518 56 34 0 0 -1
864 1 409 365 74 40 0 0 -1
864 2 1727 519 57 29 0 0 -1
865 1 409 370 74 40 0 0 -1
865 2 1723 522 52 27 0 0 -1
866 1 419 375 74 40 0 0 -1
866 2 1717 516 62 39 0 0 -1
867 1 419 380 74 40 0 0 -1
867 2 1715 517 61 39 0 0 -1
868 1 424 380 74 40 0 0 -1
868 2 1708 519 58 33 0 0 -1
869 1 431 388 74 40 0 0 -1
869 2 1708 517 54 39 0 0 -1
870 1 436 393 74 40 0 0 -1
870 2 1704 521 62 38 0 0 -1
871 1 436 393 74 40 0 0 -1
871 2 1702 517 62 38 0 0 -1
872 1 441 398 74 40 0 0 -1
872 2 1703 521 67 38 0 0 -1
873 1 446 403 74 40 0 0 -1
873 2 1700 521 57 39 0 0 -1
874 1 456 408 74 40 0 0 -1
874 2 1693 518 66 43 0 0 -1
875 1 461 413 74 40 0 0 -1
875 2 1693 519 60 36 0 0 -1
876 1 471 418 74 40 0 0 -1
876 2 1691 517 63 40 0 0 -1
877 1 471 418 74 40 0 0 -1
877 2 1689 519 58 37 0 0 -1
878 1 476 423 74 40 0 0 -1
878 2 1682 522 69 35 0 0 -1
879 1 481 428 74 40 0 0 -1
879 2 1685 519 61 34 0 0 -1
880 1 491 433 74 40 0 0 -1
880 2 1683 518 59 34 0 0 -1
881 1 491 443 74 40 0 0 -1
881 2 1686 522 54 33 0 0 -1
882 1 501 443 74 40 0 0 -1
882 2 1682 525 60 34 0 0 -1
883 1 501 443 74 40 0 0 -1
883 2 1678 518 68 42 0 0 -1
884 1 506 453 74 40 0 0 -1
884 2 1677 522 67 42 0 0 -1
885 1 516 458 74 40 0 0 -1
885 2 1681 522 64 35 0 0 -1
886 1 521 463 74 40 0 0 -1
886 2 1674 521 73 39 0 0 -1
887 1 526 468 74 40 0 0 -1
887 2 1674 519 75 37 0 0 -1
888 1 536 473 74 40 0 0 -1
888 2 1683 518 58 34 0 0 -1
889 1 536 473 74 40 0 0 -1
889 2 1677 514 60 41 0 0 -1
890 1 541 483 74 40 0 0 -1
890 2 1681 513 65 44 0 0 -1
891 1 546 488 74 40 0 0 -1
891 2 1679 510 61 45 0 0 -1
892 1 556 488 74 40 0 0 -1
892 2 1677 512 60 41 0 0 -1
893 1 566 493 74 40 0 0 -1
893 2 1679 509 59 44 0 0 -1
894 1 576 498 74 40 0 0 -1
894 2 1676 509 66 40 0 0 -1
895 1 576 498 74 40 0 0 -1
895 2 1674 505 67 37 0 0 -1
896 1 581 503 74 40 0 0 -1
896 2 1676 504 65 34 0 0 -1
897 1 586 513 74 40 0 0 -1
897 2 1678 500 64 42 0 0 -1
898 1 596 513 74 40 0 0 -1
898 2 1678 493 61 46 0 0 -1
899 1 601 523 74 40 0 0 -1
899 2 1676 488 65 45 0 0 -1
900 1 606 528 74 40 0 0 -1
900 2 1676 487 66 44 0 0 -1
901 1 606 528 74 40 0 0 -1
901 2 1679 489 59 36 0 0 -1
902 1 616 533 74 40 0 0 -1
902 2 1677 484 64 38 0 0 -1
903 1 621 538 74 40 0 0 -1
903 2 1677 483 61 42 0 0 -1
904 1 626 543 74 40 0 0 -1
904 2 1672 483 72 30 0 0 -1
905 1 631 543 74 40 0 0 -1
905 2 1676 479 60 35 0 0 -1
906 1 646 548 74 40 0 0 -1
906 2 1676 478 60 34 0 0 -1
907 1 646 548 74 40 0 0 -1
907 2 1676 476 57 37 0 0 -1
908 1 651 548 74 40 0 0 -1
908 2 1678 478 64 35 0 0 -1
909 1 656 553 74 40 0 0 -1
909 2 1677 474 60 38 0 0 -1
910 1 661 553 74 40 0 0 -1
910 2 1679 472 54 30 0 0 -1
911 1 671 555 74 40 0 0 -1
911 2 1679 472 51 34 0 0 -1
912 1 675 558 74 40 0 0 -1
912 2 1679 472 57 34 0 0 -1
913 1 675 558 74 40 0 0 -1
913 2 1676 472 64 36 0 0 -1
914 1 685 563 74 40 0 0 -1
914 2 1676 471 68 33 0 0 -1
915 1 695 563 74 40 0 0 -1
915 2 1678 472 56 33 0 0 -1
916 1 700 568 74 40 0 0 -1
916 2 1681 472 51 33 0 0 -1
917 1 705 568 74 40 0 0 -1
917 2 1681 472 52 33 0 0 -1
918 1 710 568 74 40 0 0 -1
918 2 1681 472 52 37 0 0 -1
919 1 710 568 74 40 0 0 -1
919 2 1676 472 60 34 0 0 -1
920 1 715 568 74 40 0 0 -1
920 2 1677 472 60 29 0 0 -1
921 1 725 568 74 40 0 0 -1
921 2 1677 467 56 38 0 0 -1
922 1 730 568 74 40 0 0 -1
922 2 1678 470 54 39 0 0 -1
923 1 740 568 74 40 0 0 -1
923 2 1674 472 59 33 0 0 -1
924 1 745 568 74 40 0 0 -1
924 2 1674 474 55 28 0 0 -1
925 1 745 573 74 40 0 0 -1
925 2 1676 474 54 31 0 0 -1
926 1 750 568 74 40 0 0 -1
926 2 1676 473 56 29 0 0 -1
927 1 760 568 74 40 0 0 -1
927 2 1678 468 46 36 0 0 -1
928 1 765 568 74 40 0 0 -1
928 2 1674 471 49 33 0 0 -1
929 1 775 568 74 40 0 0 -1
929 2 1674 468 55 37 0 0 -1
930 1 780 568 74 40 0 0 -1
930 2 1676 467 45 37 0 0 -1
931 1 780 568 74 40 0 0 -1
931 2 1670 471 58 34 0 0 -1
932 1 790 573 74 40 0 0 -1
932 2 1669 470 55 38 0 0 -1
933 1 795 573 74 40 0 0 -1
933 2 1669 470 51 35 0 0 -1
934 1 805 568 74 40 0 0 -1
934 2 1664 474 59 34 0 0 -1
935 1 810 573 74 40 0 0 -1
935 2 1664 470 56 34 0 0 -1
936 1 815 572 79 36 0 0 -1
936 2 1660 472 61 32 0 0 -1
937 1 815 572 79 36 0 0 -1
937 2 1652 474 67 30 0 0 -1
938 1 825 572 79 36 0 0 -1
938 2 1657 471 62 35 0 0 -1
939 1 830 567 79 36 0 0 -1
939 2 1648 471 71 30 0 0 -1
940 1 840 562 79 36 0 0 -1
940 2 1649 470 66 34 0 0 -1
941 1 845 562 79 36 0 0 -1
941 2 1655 472 56 32 0 0 -1
942 1 855 557 79 36 0 0 -1
942 2 1653 472 60 28 0 0 -1
943 1 855 557 79 36 0 0 -1
943 2 1648 471 60 29 0 0 -1
944 1 860 552 79 36 0 0 -1
944 2 1652 472 55 28 0 0 -1
945 1 870 547 79 36 0 0 -1
945 2 1651 471 56 29 0 0 -1
946 1 875 547 79 36 0 0 -1
946 2 1652 475 50 26 0 0 -1
947 1 885 542 79 36 0 0 -1
947 2 1648 470 56 35 0 0 -1
948 1 895 542 79 36 0 0 -1
948 2 1642 471 60 31 0 0 -1
949 1 895 542 79 36 0 0 -1
949 2 1639 471 67 30 0 0 -1
950 1 905 542 79 36 0 0 -1
950 2 1640 471 56 34 0 0 -1
951 1 910 537 79 36 0 0 -1
951 2 1640 470 55 32 0 0 -1
952 1 920 537 79 36 0 0 -1
952 2 1635 467 61 39 0 0 -1
953 1 925 532 79 36 0 0 -1
953 2 1634 471 61 34 0 0 -1
954 1 930 532 79 36 0 0 -1
954 2 1640 474 58 30 0 0 -1
955 1 935 532 79 36 0 0 -1
955 2 1642 470 56 32 0 0 -1
956 1 940 532 79 36 0 0 -1
956 2 1636 471 62 37 0 0 -1
957 1 945 527 79 36 0 0 -1
957 2 1643 471 50 31 0 0 -1
958 1 955 527 79 36 0 0 -1
958 2 1639 471 59 33 0 0 -1
959 1 960 522 79 36 0 0 -1
959 2 1636 471 54 31 0 0 -1
960 1 965 512 79 36 0 0 -1
960 2 1640 470 47 29 0 0 -1
961 1 970 507 79 36 0 0 -1
961 2 1642 471 49 33 0 0 -1
962 1 970 507 79 36 0 0 -1
962 2 1632 471 59 31 0 0 -1
963 1 975 497 79 36 0 0 -1
963 2 1636 468 55 34 0 0 -1
964 1 983 497 79 36 0 0 -1
964 2 1638 467 56 39 0 0 -1
965 1 983 487 79 36 0 0 -1
965 2 1639 468 47 34 0 0 -1
966 1 988 482 79 36 0 0 -1
966 2 1640 471 50 31 0 0 -1
967 1 988 472 79 36 0 0 -1
967 2 1639 470 52 31 0 0 -1
968 1 993 472 79 36 0 0 -1
968 2 1638 471 57 29 0 0 -1
969 1 993 472 79 36 0 0 -1
969 2 1639 467 54 34 0 0 -1
970 1 998 462 79 36 0 0 -1
970 2 1639 465 50 35 0 0 -1
971 1 1003 457 79 36 0 0 -1
971 2 1640 465 54 36 0 0 -1
972 1 1003 452 79 36 0 0 -1
972 2 1642 466 57 36 0 0 -1
973 1 1008 452 79 36 0 0 -1
973 2 1640 466 53 34 0 0 -1
974 1 1008 452 79 36 0 0 -1
974 2 1644 463 56 38 0 0 -1
975 1 1008 442 79 36 0 0 -1
975 2 1647 463 56 38 0 0 -1
976 1 1013 442 79 36 0 0 -1
976 2 1648 463 54 39 0 0 -1
977 1 1013 437 79 36 0 0 -1
977 2 1648 465 60 40 0 0 -1
978 1 1018 432 79 36 0 0 -1
978 2 1653 462 62 39 0 0 -1
979 1 1018 432 79 36 0 0 -1
979 2 1656 461 56 40 0 0 -1
980 1 1018 427 79 36 0 0 -1
980 2 1661 461 56 39 0 0 -1
981 1 1018 422 79 36 0 0 -1
981 2 1662 462 61 37 0 0 -1
982 1 1018 417 79 36 0 0 -1
982 2 1672 463 55 36 0 0 -1
983 1 1023 412 79 36 0 0 -1
983 2 1672 465 60 35 0 0 -1
984 1 1023 407 79 36 0 0 -1
984 2 1674 465 60 31 0 0 -1
985 1 1028 402 79 36 0 0 -1
985 2 1683 465 51 31 0 0 -1
986 1 1028 402 79 36 0 0 -1
986 2 1689 463 52 32 0 0 -1
987 1 1028 397 79 36 0 0 -1
987 2 1689 462 60 34 0 0 -1
988 1 1028 392 79 36 0 0 -1
988 2 1691 462 59 34 0 0 -1
989 1 1028 387 79 36 0 0 -1
989 2 1694 466 57 27 0 0 -1
990 1 1028 382 79 36 0 0 -1
990 2 1698 461 56 32 0 0 -1
991 1 1028 377 79 36 0 0 -1
991 2 1708 459 55 36 0 0 -1
992 1 1028 377 79 36 0 0 -1
992 2 1711 461 59 34 0 0 -1
993 1 1023 372 79 36 0 0 -1
993 2 1711 459 52 32 0 0 -1
994 1 1023 367 79 36 0 0 -1
994 2 1715 461 57 30 0 0 -1
995 1 1018 357 79 36 0 0 -1
995 2 1719 461 55 34 0 0 -1
996 1 1013 352 79 36 0 0 -1
996 2 1724 458 60 37 0 0 -1
997 1 1008 347 79 36 0 0 -1
997 2 1730 465 61 31 0 0 -1
998 1 1008 347 79 36 0 0 -1
998 2 1730 465 59 31 0 0 -1
999 1 1003 342 79 36 0 0 -1
999 2 1734 462 62 31 0 0 -1
1000 1 998 342 79 36 0 0 -1
1000 2 1738 458 58 37 0 0 -1
1001 1 993 337 79 36 0 0 -1
1001 2 1744 459 56 32 0 0 -1
1002 1 993 332 79 36 0 0 -1
1002 2 1746 462 63 31 0 0 -1
1003 1 988 332 79 36 0 0 -1
1003 2 1750 455 59 36 0 0 -1
1004 1 988 332 79 36 0 0 -1
1004 2 1758 461 48 28 0 0 -1
1005 1 988 327 79 36 0 0 -1
1005 2 1762 457 57 34 0 0 -1
1006 1 983 327 79 36 0 0 -1
1006 2 1764 455 55 37 0 0 -1
1007 1 983 322 79 36 0 0 -1
1007 2 1767 455 52 38 0 0 -1
1008 1 978 322 79 36 0 0 -1
1008 2 1772 459 47 33 0 0 -1
1009 1 978 317 79 36 0 0 -1
1009 2 1774 461 48 26 0 0 -1
1010 1 978 317 79 36 0 0 -1
1010 2 1780 462 43 25 0 0 -1
1011 1 978 317 79 36 0 0 -1
1011 2 1783 459 40 29 0 0 -1
1012 1 978 317 79 36 0 0 -1
1012 2 1788 462 39 27 0 0 -1
1013 1 978 317 79 36 0 0 -1
1013 2 1785 458 45 29 0 0 -1
1014 1 978 317 79 36 0 0 -1
1014 2 1784 454 48 38 0 0 -1
1015 1 978 322 79 36 0 0 -1
1015 2 1787 461 48 30 0 0 -1
1016 1 978 322 79 36 0 0 -1
1016 2 1795 462 41 30 0 0 -1
1017 1 978 332 79 36 0 0 -1
1017 2 1788 461 47 32 0 0 -1
1018 1 978 342 79 36 0 0 -1
1018 2 1795 461 41 31 0 0 -1
1019 1 978 352 79 36 0 0 -1
1019 2 1797 461 39 32 0 0 -1
1020 1 973 362 79 36 0 0 -1
1020 2 1796 460 40 33 0 0 -1
1021 1 973 367 79 36 0 0 -1
1021 2 1795 461 44 34 0 0 -1
1022 1 973 367 79 36 0 0 -1
1022 2 1796 462 43 34 0 0 -1
1023 1 973 367 79 36 0 0 -1
1023 2 1798 463 45 32 0 0 -1
1024 1 973 372 79 36 0 0 -1
1024 2 1801 465 45 30 0 0 -1
1025 1 963 377 79 36 0 0 -1
1025 2 1797 462 46 31 0 0 -1
1026 1 963 387 79 36 0 0 -1
1026 2 1798 462 45 33 0 0 -1
1027 1 963 397 79 36 0 0 -1
1027 2 1800 463 43 36 0 0 -1
1028 1 963 397 79 36 0 0 -1
1028 2 1797 467 56 32 0 0 -1
1029 1 963 412 79 36 0 0 -1
1029 2 1800 465 49 35 0 0 -1
1030 1 953 427 79 36 0 0 -1
1030 2 1800 468 53 29 0 0 -1
1031 1 953 437 79 36 0 0 -1
1031 2 1800 470 52 32 0 0 -1
1032 1 948 442 79 36 0 0 -1
1032 2 1805 472 47 32 0 0 -1
1033 1 943 447 79 36 0 0 -1
1033 2 1804 475 45 30 0 0 -1
1034 1 943 447 79 36 0 0 -1
1034 2 1801 474 60 35 0 0 -1
1035 1 943 447 79 36 0 0 -1
1035 2 1797 474 55 35 0 0 -1
1036 1 943 452 79 36 0 0 -1
1036 2 1806 478 54 34 0 0 -1
1037 1 943 452 79 36 0 0 -1
1037 2 1810 478 55 34 0 0 -1
1038 1 943 457 79 36 0 0 -1
1038 2 1812 487 56 27 0 0 -1
1039 1 943 457 79 36 0 0 -1
1039 2 1810 483 58 35 0 0 -1
1040 1 943 457 79 36 0 0 -1
1040 2 1808 484 64 34 0 0 -1
1041 1 943 457 79 36 0 0 -1
1041 2 1806 487 53 36 0 0 -1
1042 1 943 457 79 36 0 0 -1
1042 2 1813 489 57 34 0 0 -1
1043 1 943 457 79 36 0 0 -1
1043 2 1815 491 54 32 0 0 -1
1044 1 943 462 79 36 0 0 -1
1044 2 1812 491 60 38 0 0 -1
1045 1 943 462 79 36 0 0 -1
1045 2 1810 499 54 34 0 0 -1
1046 1 943 462 79 36 0 0 -1
1046 2 1809 492 61 41 0 0 -1
1047 1 943 462 79 36 0 0 -1
1047 2 1808 499 60 36 0 0 -1
1048 1 948 462 79 36 0 0 -1
1048 2 1806 497 70 37 0 0 -1
1049 1 948 462 79 36 0 0 -1
1049 2 1809 499 63 39 0 0 -1
1050 1 948 467 79 36 0 0 -1
1050 2 1813 500 55 35 0 0 -1
