1 1 929 559 243 142 0 0 -1
1 2 390 272 49 30 0 0 -1
2 1 932 556 243 147 0 0 -1
2 2 390 274 51 27 0 0 -1
3 1 927 558 242 146 0 0 -1
3 2 388 275 53 31 0 0 -1
4 1 926 559 241 141 0 0 -1
4 2 388 276 55 32 0 0 -1
5 1 921 561 239 140 0 0 -1
5 2 392 278 55 31 0 0 -1
6 1 924 558 230 140 0 0 -1
6 2 394 279 56 30 0 0 -1
7 1 916 560 230 140 0 0 -1
7 2 394 279 57 31 0 0 -1
8 1 918 560 230 140 0 0 -1
8 2 394 281 60 31 0 0 -1
9 1 910 560 230 140 0 0 -1
9 2 395 281 60 33 0 0 -1
10 1 906 562 230 133 0 0 -1
10 2 397 280 55 35 0 0 -1
11 1 905 558 225 133 0 0 -1
11 2 399 279 56 38 0 0 -1
12 1 899 558 224 133 0 0 -1
12 2 401 279 53 40 0 0 -1
13 1 896 558 218 127 0 0 -1
13 2 404 279 51 43 0 0 -1
14 1 896 561 222 125 0 0 -1
14 2 405 279 51 47 0 0 -1
15 1 890 561 222 125 0 0 -1
15 2 411 280 44 47 0 0 -1
16 1 888 559 216 125 0 0 -1
16 2 412 283 48 46 0 0 -1
17 1 886 552 216 125 0 0 -1
17 2 414 285 50 47 0 0 -1
18 1 886 554 211 122 0 0 -1
18 2 418 285 47 45 0 0 -1
19 1 886 552 211 122 0 0 -1
19 2 426 290 47 44 0 0 -1
20 1 881 551 211 122 0 0 -1
20 2 428 292 49 42 0 0 -1
21 1 881 549 211 120 0 0 -1
21 2 434 293 51 45 0 0 -1
22 1 881 549 211 120 0 0 -1
22 2 439 297 53 41 0 0 -1
23 1 885 544 207 122 0 0 -1
23 2 447 300 52 39 0 0 -1
24 1 891 544 201 116 0 0 -1
24 2 454 304 55 35 0 0 -1
25 1 897 544 200 116 0 0 -1
25 2 460 305 54 38 0 0 -1
26 1 897 544 200 116 0 0 -1
26 2 469 309 51 34 0 0 -1
27 1 902 544 200 116 0 0 -1
27 2 476 309 51 34 0 0 -1
28 1 907 544 200 116 0 0 -1
28 2 482 312 54 35 0 0 -1
29 1 912 539 200 116 0 0 -1
29 2 492 314 55 34 0 0 -1
30 1 922 539 196 116 0 0 -1
30 2 499 317 51 32 0 0 -1
31 1 927 539 196 116 0 0 -1
31 2 506 322 48 30 0 0 -1
32 1 927 539 196 116 0 0 -1
32 2 514 325 50 30 0 0 -1
33 1 937 539 191 110 0 0 -1
33 2 520 323 53 32 0 0 -1
34 1 942 539 191 110 0 0 -1
34 2 527 325 52 32 0 0 -1
35 1 942 539 191 110 0 0 -1
35 2 532 325 52 32 0 0 -1
36 1 947 544 191 105 0 0 -1
36 2 536 326 56 33 0 0 -1
37 1 947 549 191 105 0 0 -1
37 2 544 329 51 35 0 0 -1
38 1 950 549 183 105 0 0 -1
38 2 550 329 54 35 0 0 -1
39 1 950 555 183 99 0 0 -1
39 2 554 332 53 33 0 0 -1
40 1 950 560 183 102 0 0 -1
40 2 558 331 55 35 0 0 -1
41 1 950 560 183 99 0 0 -1
41 2 564 336 51 33 0 0 -1
42 1 950 565 181 99 0 0 -1
42 2 569 336 52 36 0 0 -1
43 1 950 570 181 99 0 0 -1
43 2 574 338 51 34 0 0 -1
44 1 950 570 181 99 0 0 -1
44 2 574 340 54 32 0 0 -1
45 1 950 575 181 99 0 0 -1
45 2 575 343 54 29 0 0 -1
46 1 945 575 181 99 0 0 -1
46 2 578 344 52 30 0 0 -1
47 1 940 580 181 99 0 0 -1
47 2 582 346 53 30 0 0 -1
48 1 940 585 181 99 0 0 -1
48 2 583 344 55 32 0 0 -1
49 1 940 585 181 99 0 0 -1
49 2 587 346 54 35 0 0 -1
50 1 940 585 181 99 0 0 -1
50 2 588 348 51 32 0 0 -1
51 1 940 585 181 99 0 0 -1
51 2 592 349 49 31 0 0 -1
52 1 940 585 181 99 0 0 -1
52 2 591 351 55 27 0 0 -1
53 1 940 580 181 99 0 0 -1
53 2 592 355 53 26 0 0 -1
54 1 940 580 181 99 0 0 -1
54 2 596 356 50 24 0 0 -1
55 1 940 580 181 99 0 0 -1
55 2 595 353 51 30 0 0 -1
56 1 940 580 181 99 0 0 -1
56 2 599 357 47 26 0 0 -1
57 1 935 580 181 99 0 0 -1
57 2 599 356 51 29 0 0 -1
58 1 935 575 181 99 0 0 -1
58 2 599 357 55 26 0 0 -1
59 1 930 570 181 99 0 0 -1
59 2 599 356 52 29 0 0 -1
60 1 930 570 181 99 0 0 -1
60 2 600 361 52 26 0 0 -1
61 1 926 565 185 99 0 0 -1
61 2 603 360 49 27 0 0 -1
62 1 926 565 185 99 0 0 -1
62 2 601 363 53 27 0 0 -1
63 1 921 557 190 107 0 0 -1
63 2 605 363 50 27 0 0 -1
64 1 916 552 190 107 0 0 -1
64 2 607 360 49 30 0 0 -1
65 1 911 547 190 107 0 0 -1
65 2 605 361 47 30 0 0 -1
66 1 896 542 190 107 0 0 -1
66 2 608 361 48 29 0 0 -1
67 1 886 537 190 107 0 0 -1
67 2 609 360 51 31 0 0 -1
68 1 881 537 195 107 0 0 -1
68 2 612 361 48 30 0 0 -1
69 1 871 532 195 107 0 0 -1
69 2 611 361 53 30 0 0 -1
70 1 856 532 195 107 0 0 -1
70 2 613 361 49 29 0 0 -1
71 1 846 527 195 107 0 0 -1
71 2 612 360 54 30 0 0 -1
72 1 825 522 206 107 0 0 -1
72 2 616 360 50 29 0 0 -1
73 1 815 517 206 107 0 0 -1
73 2 616 360 53 29 0 0 -1
74 1 815 517 206 107 0 0 -1
74 2 617 359 54 30 0 0 -1
75 1 799 505 217 114 0 0 -1
75 2 620 357 51 28 0 0 -1
76 1 789 500 217 114 0 0 -1
76 2 620 356 53 27 0 0 -1
77 1 779 484 217 125 0 0 -1
77 2 621 356 52 27 0 0 -1
78 1 774 479 217 125 0 0 -1
78 2 628 355 48 25 0 0 -1
79 1 764 484 217 125 0 0 -1
79 2 626 353 50 27 0 0 -1
80 1 764 484 217 125 0 0 -1
80 2 625 351 55 26 0 0 -1
81 1 756 504 220 125 0 0 -1
81 2 632 348 52 29 0 0 -1
82 1 751 514 220 125 0 0 -1
82 2 632 347 53 27 0 0 -1
83 1 732 519 239 134 0 0 -1
83 2 632 347 51 25 0 0 -1
84 1 727 519 239 134 0 0 -1
84 2 637 343 51 26 0 0 -1
85 1 729 519 242 134 0 0 -1
85 2 637 339 53 30 0 0 -1
86 1 729 519 242 134 0 0 -1
86 2 637 339 55 27 0 0 -1
87 1 739 529 242 134 0 0 -1
87 2 641 339 53 24 0 0 -1
88 1 749 534 248 139 0 0 -1
88 2 642 334 54 27 0 0 -1
89 1 759 539 261 139 0 0 -1
89 2 643 332 55 25 0 0 -1
90 1 774 579 273 154 0 0 -1
90 2 645 327 52 28 0 0 -1
91 1 779 664 273 154 0 0 -1
91 2 643 323 56 30 0 0 -1
92 1 779 664 273 154 0 0 -1
92 2 647 319 52 33 0 0 -1
93 1 799 683 258 145 0 0 -1
93 2 647 313 56 38 0 0 -1
94 1 804 688 266 145 0 0 -1
94 2 650 312 55 37 0 0 -1
95 1 814 693 280 150 0 0 -1
95 2 654 308 52 38 0 0 -1
96 1 829 698 280 150 0 0 -1
96 2 649 306 57 38 0 0 -1
97 1 839 703 280 150 0 0 -1
97 2 650 302 60 40 0 0 -1
98 1 839 703 280 150 0 0 -1
98 2 655 302 52 40 0 0 -1
99 1 854 701 280 157 0 0 -1
99 2 654 301 56 38 0 0 -1
100 1 869 706 280 157 0 0 -1
100 2 654 300 59 38 0 0 -1
101 1 874 706 280 157 0 0 -1
101 2 656 298 60 40 0 0 -1
102 1 889 706 280 157 0 0 -1
102 2 656 297 59 41 0 0 -1
103 1 904 706 280 157 0 0 -1
103 2 658 298 60 40 0 0 -1
104 1 904 706 280 157 0 0 -1
104 2 658 301 60 35 0 0 -1
105 1 919 706 280 157 0 0 -1
105 2 655 300 61 38 0 0 -1
106 1 924 702 280 151 0 0 -1
106 2 656 304 62 35 0 0 -1
107 1 929 702 280 151 0 0 -1
107 2 658 305 58 37 0 0 -1
108 1 944 698 273 149 0 0 -1
108 2 655 310 59 36 0 0 -1
109 1 959 691 273 156 0 0 -1
109 2 656 313 58 33 0 0 -1
110 1 959 693 273 149 0 0 -1
110 2 655 310 64 38 0 0 -1
111 1 969 688 273 149 0 0 -1
111 2 658 314 60 39 0 0 -1
112 1 974 688 273 149 0 0 -1
112 2 658 315 60 41 0 0 -1
113 1 979 693 273 149 0 0 -1
113 2 655 319 60 41 0 0 -1
114 1 989 691 267 146 0 0 -1
114 2 656 325 59 36 0 0 -1
115 1 1004 691 262 142 0 0 -1
115 2 654 327 62 38 0 0 -1
116 1 1004 691 262 142 0 0 -1
116 2 656 331 62 37 0 0 -1
117 1 1014 691 262 142 0 0 -1
117 2 654 335 61 35 0 0 -1
118 1 1019 691 262 142 0 0 -1
118 2 654 338 64 34 0 0 -1
119 1 1026 696 255 137 0 0 -1
119 2 654 339 59 37 0 0 -1
120 1 1031 696 255 137 0 0 -1
120 2 652 343 63 35 0 0 -1
121 1 1036 696 255 137 0 0 -1
121 2 651 346 63 34 0 0 -1
122 1 1036 696 255 137 0 0 -1
122 2 651 349 63 33 0 0 -1
123 1 1041 696 255 137 0 0 -1
123 2 651 349 64 33 0 0 -1
124 1 1051 701 245 137 0 0 -1
124 2 650 351 63 34 0 0 -1
125 1 1066 696 245 137 0 0 -1
125 2 650 351 61 34 0 0 -1
126 1 1081 696 245 137 0 0 -1
126 2 650 352 63 34 0 0 -1
127 1 1085 699 245 137 0 0 -1
127 2 647 352 63 35 0 0 -1
128 1 1085 699 245 137 0 0 -1
128 2 650 352 59 38 0 0 -1
129 1 1085 699 245 137 0 0 -1
129 2 646 355 61 34 0 0 -1
130 1 1090 694 245 137 0 0 -1
130 2 646 356 63 33 0 0 -1
131 1 1095 684 245 137 0 0 -1
131 2 645 355 64 34 0 0 -1
132 1 1095 645 244 131 0 0 -1
132 2 646 356 60 34 0 0 -1
133 1 1095 595 244 131 0 0 -1
133 2 643 357 62 33 0 0 -1
134 1 1095 600 244 128 0 0 -1
134 2 642 356 63 37 0 0 -1
135 1 1095 545 244 128 0 0 -1
135 2 642 357 64 36 0 0 -1
136 1 1095 490 244 128 0 0 -1
136 2 643 356 60 38 0 0 -1
137 1 1100 450 232 128 0 0 -1
137 2 639 356 60 38 0 0 -1
138 1 1085 425 232 128 0 0 -1
138 2 641 356 60 37 0 0 -1
139 1 1060 405 232 128 0 0 -1
139 2 641 355 60 42 0 0 -1
140 1 1066 405 226 128 0 0 -1
140 2 641 356 58 38 0 0 -1
141 1 1026 380 226 128 0 0 -1
141 2 641 359 60 38 0 0 -1
142 1 990 357 226 128 0 0 -1
142 2 639 357 60 38 0 0 -1
143 1 939 348 222 127 0 0 -1
143 2 641 359 60 40 0 0 -1
144 1 885 344 222 127 0 0 -1
144 2 641 360 60 38 0 0 -1
145 1 835 341 222 127 0 0 -1
145 2 645 360 56 39 0 0 -1
146 1 837 345 222 125 0 0 -1
146 2 642 363 59 37 0 0 -1
147 1 793 347 222 125 0 0 -1
147 2 645 364 57 38 0 0 -1
148 1 748 373 222 125 0 0 -1
148 2 642 364 63 39 0 0 -1
149 1 715 401 222 125 0 0 -1
149 2 643 365 63 41 0 0 -1
150 1 696 423 216 125 0 0 -1
150 2 645 369 64 37 0 0 -1
151 1 673 443 213 125 0 0 -1
151 2 646 369 63 37 0 0 -1
152 1 673 443 213 125 0 0 -1
152 2 649 370 58 37 0 0 -1
153 1 657 475 213 125 0 0 -1
153 2 651 375 58 31 0 0 -1
154 1 644 503 213 120 0 0 -1
154 2 651 374 62 34 0 0 -1
155 1 634 523 213 120 0 0 -1
155 2 652 376 62 34 0 0 -1
156 1 624 533 213 120 0 0 -1
156 2 655 378 59 33 0 0 -1
157 1 619 548 213 120 0 0 -1
157 2 655 381 60 30 0 0 -1
158 1 619 558 213 120 0 0 -1
158 2 656 381 59 31 0 0 -1
159 1 619 558 213 120 0 0 -1
159 2 658 381 57 33 0 0 -1
160 1 644 563 213 120 0 0 -1
160 2 659 383 57 33 0 0 -1
161 1 679 563 213 120 0 0 -1
161 2 660 385 56 31 0 0 -1
162 1 714 558 213 120 0 0 -1
162 2 660 387 59 29 0 0 -1
163 1 749 558 213 120 0 0 -1
163 2 662 387 60 32 0 0 -1
164 1 779 558 213 120 0 0 -1
164 2 662 389 60 30 0 0 -1
165 1 783 558 204 120 0 0 -1
165 2 666 387 53 33 0 0 -1
166 1 799 558 213 120 0 0 -1
166 2 663 393 59 28 0 0 -1
167 1 828 558 204 120 0 0 -1
167 2 666 391 56 33 0 0 -1
168 1 843 558 204 120 0 0 -1
168 2 666 393 57 32 0 0 -1
169 1 853 558 204 120 0 0 -1
169 2 664 393 62 32 0 0 -1
170 1 863 558 199 103 0 0 -1
170 2 664 395 58 29 0 0 -1
171 1 863 558 196 103 0 0 -1
171 2 667 393 60 35 0 0 -1
172 1 868 558 196 103 0 0 -1
172 2 668 397 56 30 0 0 -1
173 1 863 558 197 101 0 0 -1
173 2 667 397 59 32 0 0 -1
174 1 866 558 192 97 0 0 -1
174 2 668 397 56 32 0 0 -1
175 1 866 553 185 100 0 0 -1
175 2 669 399 57 30 0 0 -1
176 1 861 553 185 94 0 0 -1
176 2 669 399 58 30 0 0 -1
177 1 861 553 185 91 0 0 -1
177 2 669 402 57 30 0 0 -1
178 1 850 543 183 97 0 0 -1
178 2 666 402 58 30 0 0 -1
179 1 842 541 183 88 0 0 -1
179 2 669 403 58 31 0 0 -1
180 1 837 541 183 88 0 0 -1
180 2 672 403 54 33 0 0 -1
181 1 827 536 183 88 0 0 -1
181 2 669 406 58 28 0 0 -1
182 1 822 531 178 88 0 0 -1
182 2 668 407 58 30 0 0 -1
183 1 822 531 178 88 0 0 -1
183 2 671 408 52 30 0 0 -1
184 1 807 531 178 88 0 0 -1
184 2 671 411 55 33 0 0 -1
185 1 797 526 178 88 0 0 -1
185 2 669 414 59 30 0 0 -1
186 1 787 521 178 88 0 0 -1
186 2 668 417 56 31 0 0 -1
187 1 777 516 178 88 0 0 -1
187 2 671 421 56 28 0 0 -1
188 1 767 506 178 88 0 0 -1
188 2 671 419 59 32 0 0 -1
189 1 767 511 178 88 0 0 -1
189 2 671 424 57 30 0 0 -1
190 1 762 511 178 88 0 0 -1
190 2 672 424 52 31 0 0 -1
191 1 762 511 178 88 0 0 -1
191 2 671 427 55 28 0 0 -1
192 1 757 516 178 88 0 0 -1
192 2 671 428 55 30 0 0 -1
193 1 752 541 178 88 0 0 -1
193 2 671 429 56 28 0 0 -1
194 1 762 551 178 88 0 0 -1
194 2 672 433 54 29 0 0 -1
195 1 762 551 178 88 0 0 -1
195 2 671 431 57 28 0 0 -1
196 1 777 566 178 88 0 0 -1
196 2 666 429 61 34 0 0 -1
197 1 792 581 178 88 0 0 -1
197 2 669 432 58 29 0 0 -1
198 1 807 591 178 88 0 0 -1
198 2 672 433 56 30 0 0 -1
199 1 832 601 178 88 0 0 -1
199 2 669 431 61 31 0 0 -1
200 1 842 606 178 88 0 0 -1
200 2 671 432 60 33 0 0 -1
201 1 847 606 173 88 0 0 -1
201 2 672 431 59 35 0 0 -1
202 1 852 606 173 88 0 0 -1
202 2 673 432 57 33 0 0 -1
203 1 867 606 173 88 0 0 -1
203 2 675 432 60 31 0 0 -1
204 1 877 606 173 88 0 0 -1
204 2 676 431 56 31 0 0 -1
205 1 887 606 173 88 0 0 -1
205 2 677 431 56 31 0 0 -1
206 1 897 606 173 88 0 0 -1
206 2 677 429 59 30 0 0 -1
207 1 897 606 173 88 0 0 -1
207 2 679 429 60 30 0 0 -1
208 1 897 596 173 88 0 0 -1
208 2 677 424 60 34 0 0 -1
209 1 902 601 173 88 0 0 -1
209 2 680 427 56 28 0 0 -1
210 1 907 601 173 88 0 0 -1
210 2 679 423 62 34 0 0 -1
211 1 902 591 173 88 0 0 -1
211 2 681 421 62 33 0 0 -1
212 1 902 587 173 92 0 0 -1
212 2 685 421 58 29 0 0 -1
213 1 902 587 173 92 0 0 -1
213 2 688 420 57 30 0 0 -1
214 1 902 582 173 92 0 0 -1
214 2 685 416 60 30 0 0 -1
215 1 902 582 173 92 0 0 -1
215 2 685 416 63 28 0 0 -1
216 1 892 572 173 92 0 0 -1
216 2 686 411 63 33 0 0 -1
217 1 892 562 173 92 0 0 -1
217 2 686 410 61 30 0 0 -1
218 1 887 562 173 92 0 0 -1
218 2 689 404 60 34 0 0 -1
219 1 887 562 173 92 0 0 -1
219 2 693 403 55 34 0 0 -1
220 1 882 562 173 92 0 0 -1
220 2 690 400 66 36 0 0 -1
221 1 882 562 173 92 0 0 -1
221 2 697 395 61 36 0 0 -1
222 1 877 567 173 92 0 0 -1
222 2 697 394 61 38 0 0 -1
223 1 867 572 173 92 0 0 -1
223 2 698 390 60 39 0 0 -1
224 1 862 572 173 92 0 0 -1
224 2 699 387 62 41 0 0 -1
225 1 862 572 173 92 0 0 -1
225 2 698 386 63 39 0 0 -1
226 1 862 577 173 92 0 0 -1
226 2 699 386 61 38 0 0 -1
227 1 857 577 173 92 0 0 -1
227 2 703 383 57 41 0 0 -1
228 1 852 577 173 92 0 0 -1
228 2 703 385 57 38 0 0 -1
229 1 842 577 173 92 0 0 -1
229 2 703 382 58 39 0 0 -1
230 1 842 577 173 92 0 0 -1
230 2 705 381 59 35 0 0 -1
231 1 842 577 173 92 0 0 -1
231 2 703 380 63 40 0 0 -1
232 1 832 582 173 92 0 0 -1
232 2 702 381 60 35 0 0 -1
233 1 822 582 173 92 0 0 -1
233 2 705 378 60 38 0 0 -1
234 1 817 582 173 92 0 0 -1
234 2 705 378 64 37 0 0 -1
235 1 807 582 173 92 0 0 -1
235 2 706 380 60 35 0 0 -1
236 1 802 577 173 92 0 0 -1
236 2 709 378 60 37 0 0 -1
237 1 797 577 173 92 0 0 -1
237 2 705 376 62 36 0 0 -1
238 1 792 577 173 92 0 0 -1
238 2 706 374 61 40 0 0 -1
239 1 797 577 173 92 0 0 -1
239 2 705 375 61 36 0 0 -1
240 1 802 577 173 92 0 0 -1
240 2 705 373 62 37 0 0 -1
241 1 791 577 179 92 0 0 -1
241 2 703 370 66 36 0 0 -1
242 1 786 572 179 92 0 0 -1
242 2 709 368 55 36 0 0 -1
243 1 786 572 179 92 0 0 -1
243 2 705 365 60 39 0 0 -1
244 1 791 567 179 92 0 0 -1
244 2 706 364 61 34 0 0 -1
245 1 791 557 179 92 0 0 -1
245 2 705 360 62 35 0 0 -1
246 1 791 552 179 92 0 0 -1
246 2 705 359 66 36 0 0 -1
247 1 791 547 179 92 0 0 -1
247 2 705 353 65 37 0 0 -1
248 1 791 547 179 92 0 0 -1
248 2 703 351 67 38 0 0 -1
249 1 791 542 179 92 0 0 -1
249 2 705 346 62 35 0 0 -1
250 1 791 542 179 92 0 0 -1
250 2 705 343 66 34 0 0 -1
251 1 791 537 179 92 0 0 -1
251 2 707 340 63 37 0 0 -1
252 1 791 537 179 92 0 0 -1
252 2 706 340 64 36 0 0 -1
253 1 791 537 179 92 0 0 -1
253 2 706 335 63 35 0 0 -1
254 1 786 537 179 92 0 0 -1
254 2 706 336 60 32 0 0 -1
255 1 791 537 179 92 0 0 -1
255 2 706 332 65 36 0 0 -1
256 1 791 537 179 92 0 0 -1
256 2 706 329 63 37 0 0 -1
257 1 785 537 185 92 0 0 -1
257 2 702 327 67 38 0 0 -1
258 1 780 537 185 92 0 0 -1
258 2 702 329 67 36 0 0 -1
259 1 775 537 185 92 0 0 -1
259 2 701 325 64 36 0 0 -1
260 1 785 547 185 92 0 0 -1
260 2 706 323 60 38 0 0 -1
261 1 785 547 185 92 0 0 -1
261 2 702 325 63 36 0 0 -1
262 1 780 557 185 92 0 0 -1
262 2 701 321 63 39 0 0 -1
263 1 775 557 185 92 0 0 -1
263 2 699 325 66 35 0 0 -1
264 1 785 557 185 92 0 0 -1
264 2 698 322 66 37 0 0 -1
265 1 810 572 185 92 0 0 -1
265 2 701 321 64 39 0 0 -1
266 1 810 577 185 92 0 0 -1
266 2 701 322 63 38 0 0 -1
267 1 810 577 185 92 0 0 -1
267 2 701 322 59 38 0 0 -1
268 1 810 583 185 86 0 0 -1
268 2 701 322 59 38 0 0 -1
269 1 825 593 185 86 0 0 -1
269 2 698 323 63 36 0 0 -1
270 1 825 593 185 86 0 0 -1
270 2 699 323 62 36 0 0 -1
271 1 825 593 185 86 0 0 -1
271 2 698 322 66 35 0 0 -1
272 1 820 583 185 86 0 0 -1
272 2 696 322 65 35 0 0 -1
273 1 820 583 185 86 0 0 -1
273 2 701 322 60 38 0 0 -1
274 1 820 583 185 86 0 0 -1
274 2 698 325 63 34 0 0 -1
275 1 820 583 185 86 0 0 -1
275 2 698 323 58 37 0 0 -1
276 1 810 578 185 86 0 0 -1
276 2 697 325 65 35 0 0 -1
277 1 795 573 185 86 0 0 -1
277 2 696 326 65 35 0 0 -1
278 1 790 573 185 86 0 0 -1
278 2 693 325 68 38 0 0 -1
279 1 790 573 185 86 0 0 -1
279 2 697 325 61 36 0 0 -1
280 1 780 563 185 86 0 0 -1
280 2 694 325 66 39 0 0 -1
281 1 770 558 185 86 0 0 -1
281 2 693 325 65 36 0 0 -1
282 1 755 553 185 86 0 0 -1
282 2 696 326 62 34 0 0 -1
283 1 745 543 185 86 0 0 -1
283 2 696 323 65 41 0 0 -1
284 1 740 538 185 86 0 0 -1
284 2 693 322 61 41 0 0 -1
285 1 735 538 185 86 0 0 -1
285 2 696 326 64 38 0 0 -1
286 1 730 533 185 81 0 0 -1
286 2 694 323 64 40 0 0 -1
287 1 725 528 185 81 0 0 -1
287 2 697 322 64 41 0 0 -1
288 1 715 523 185 81 0 0 -1
288 2 698 323 64 41 0 0 -1
289 1 710 523 179 81 0 0 -1
289 2 697 323 67 42 0 0 -1
290 1 705 528 179 81 0 0 -1
290 2 698 326 64 40 0 0 -1
291 1 705 528 179 81 0 0 -1
291 2 702 327 60 39 0 0 -1
292 1 710 528 179 81 0 0 -1
292 2 701 327 66 38 0 0 -1
293 1 720 533 179 81 0 0 -1
293 2 703 327 64 41 0 0 -1
294 1 735 533 179 81 0 0 -1
294 2 705 329 62 39 0 0 -1
295 1 755 538 179 75 0 0 -1
295 2 705 330 68 36 0 0 -1
296 1 770 543 179 75 0 0 -1
296 2 709 330 65 36 0 0 -1
297 1 770 543 179 75 0 0 -1
297 2 707 331 68 35 0 0 -1
298 1 800 548 179 75 0 0 -1
298 2 710 331 65 37 0 0 -1
299 1 830 553 179 75 0 0 -1
299 2 715 334 64 35 0 0 -1
300 1 850 553 179 75 0 0 -1
300 2 713 331 64 35 0 0 -1
301 1 890 568 179 75 0 0 -1
301 2 714 336 63 33 0 0 -1
302 1 915 568 179 75 0 0 -1
302 2 716 334 58 35 0 0 -1
303 1 915 568 179 75 0 0 -1
303 2 718 335 60 37 0 0 -1
304 1 935 568 179 75 0 0 -1
304 2 719 336 62 38 0 0 -1
305 1 950 568 179 75 0 0 -1
305 2 719 336 65 38 0 0 -1
306 1 965 573 179 75 0 0 -1
306 2 719 336 60 37 0 0 -1
307 1 985 573 179 75 0 0 -1
307 2 720 335 59 41 0 0 -1
308 1 1000 573 175 75 0 0 -1
308 2 719 336 64 38 0 0 -1
309 1 1000 573 175 75 0 0 -1
309 2 720 335 61 38 0 0 -1
310 1 1010 573 175 75 0 0 -1
310 2 723 334 61 40 0 0 -1
311 1 1010 573 175 75 0 0 -1
311 2 721 335 66 37 0 0 -1
312 1 1010 573 175 75 0 0 -1
312 2 724 335 62 41 0 0 -1
313 1 1010 573 175 75 0 0 -1
313 2 722 335 64 38 0 0 -1
314 1 1010 573 175 75 0 0 -1
314 2 724 336 66 37 0 0 -1
315 1 1010 573 175 75 0 0 -1
315 2 726 338 61 34 0 0 -1
316 1 1005 573 175 75 0 0 -1
316 2 726 336 61 34 0 0 -1
317 1 995 573 175 75 0 0 -1
317 2 726 336 64 38 0 0 -1
318 1 990 573 175 75 0 0 -1
318 2 727 336 61 37 0 0 -1
319 1 985 573 175 75 0 0 -1
319 2 724 339 63 34 0 0 -1
320 1 970 573 175 75 0 0 -1
320 2 726 338 64 36 0 0 -1
321 1 965 573 175 75 0 0 -1
321 2 727 339 61 34 0 0 -1
322 1 970 573 165 75 0 0 -1
322 2 727 338 61 35 0 0 -1
323 1 960 583 165 75 0 0 -1
323 2 726 338 66 36 0 0 -1
324 1 950 593 165 75 0 0 -1
324 2 728 338 63 35 0 0 -1
325 1 940 603 165 75 0 0 -1
325 2 727 339 65 35 0 0 -1
326 1 930 618 165 75 0 0 -1
326 2 728 339 62 38 0 0 -1
327 1 920 623 165 75 0 0 -1
327 2 724 342 68 32 0 0 -1
328 1 920 623 165 75 0 0 -1
328 2 724 342 66 34 0 0 -1
329 1 910 623 165 75 0 0 -1
329 2 727 340 63 36 0 0 -1
330 1 900 623 165 75 0 0 -1
330 2 728 340 64 36 0 0 -1
331 1 890 623 165 75 0 0 -1
331 2 728 342 64 32 0 0 -1
332 1 885 623 165 75 0 0 -1
332 2 726 340 65 36 0 0 -1
333 1 880 623 165 75 0 0 -1
333 2 726 340 66 37 0 0 -1
334 1 880 623 165 75 0 0 -1
334 2 727 339 65 39 0 0 -1
335 1 870 623 165 75 0 0 -1
335 2 727 339 68 35 0 0 -1
336 1 865 623 165 75 0 0 -1
336 2 728 342 66 34 0 0 -1
337 1 860 623 165 75 0 0 -1
337 2 726 340 66 38 0 0 -1
338 1 855 623 165 75 0 0 -1
338 2 726 342 61 38 0 0 -1
339 1 850 618 165 75 0 0 -1
339 2 728 340 64 37 0 0 -1
340 1 850 618 165 75 0 0 -1
340 2 724 342 68 35 0 0 -1
341 1 845 613 165 75 0 0 -1
341 2 727 343 64 34 0 0 -1
342 1 840 613 165 70 0 0 -1
342 2 728 344 60 33 0 0 -1
343 1 835 613 165 70 0 0 -1
343 2 724 342 64 36 0 0 -1
344 1 836 603 159 70 0 0 -1
344 2 724 342 64 35 0 0 -1
345 1 836 603 159 70 0 0 -1
345 2 728 344 63 33 0 0 -1
346 1 836 603 159 70 0 0 -1
346 2 726 344 66 36 0 0 -1
347 1 836 603 159 70 0 0 -1
347 2 723 346 65 35 0 0 -1
348 1 831 603 159 70 0 0 -1
348 2 723 344 65 34 0 0 -1
349 1 831 603 159 70 0 0 -1
349 2 724 344 63 34 0 0 -1
350 1 826 603 159 70 0 0 -1
350 2 720 343 67 37 0 0 -1
351 1 826 603 159 70 0 0 -1
351 2 723 344 67 37 0 0 -1
352 1 826 603 159 70 0 0 -1
352 2 724 343 63 38 0 0 -1
353 1 826 603 159 70 0 0 -1
353 2 723 343 61 38 0 0 -1
354 1 826 603 159 67 0 0 -1
354 2 724 344 62 36 0 0 -1
355 1 821 603 159 67 0 0 -1
355 2 723 346 63 35 0 0 -1
356 1 826 603 159 67 0 0 -1
356 2 723 343 64 40 0 0 -1
357 1 826 603 159 67 0 0 -1
357 2 722 346 60 35 0 0 -1
358 1 826 603 159 67 0 0 -1
358 2 722 346 59 34 0 0 -1
359 1 831 603 154 67 0 0 -1
359 2 724 347 57 35 0 0 -1
360 1 831 603 154 67 0 0 -1
360 2 723 351 58 29 0 0 -1
361 1 831 598 154 67 0 0 -1
361 2 723 352 60 30 0 0 -1
362 1 831 598 154 67 0 0 -1
362 2 723 348 59 34 0 0 -1
363 1 831 598 162 67 0 0 -1
363 2 722 348 64 33 0 0 -1
364 1 831 598 162 67 0 0 -1
364 2 724 347 57 34 0 0 -1
365 1 836 598 162 67 0 0 -1
365 2 730 348 53 33 0 0 -1
366 1 847 598 156 67 0 0 -1
366 2 724 348 60 33 0 0 -1
367 1 848 598 153 67 0 0 -1
367 2 724 346 60 35 0 0 -1
368 1 853 598 153 67 0 0 -1
368 2 730 346 58 32 0 0 -1
369 1 853 598 153 67 0 0 -1
369 2 728 344 64 32 0 0 -1
370 1 853 598 153 67 0 0 -1
370 2 733 340 58 33 0 0 -1
371 1 848 598 153 67 0 0 -1
371 2 732 339 56 33 0 0 -1
372 1 853 603 153 67 0 0 -1
372 2 737 338 58 34 0 0 -1
373 1 853 603 153 67 0 0 -1
373 2 737 335 58 30 0 0 -1
374 1 853 603 153 67 0 0 -1
374 2 737 335 61 30 0 0 -1
375 1 853 608 153 67 0 0 -1
375 2 744 330 56 33 0 0 -1
376 1 851 608 150 67 0 0 -1
376 2 743 326 58 33 0 0 -1
377 1 851 613 150 67 0 0 -1
377 2 744 325 63 31 0 0 -1
378 1 851 613 150 67 0 0 -1
378 2 750 322 62 35 0 0 -1
379 1 851 618 150 64 0 0 -1
379 2 747 318 65 33 0 0 -1
380 1 851 618 150 64 0 0 -1
380 2 754 314 63 33 0 0 -1
381 1 846 623 150 64 0 0 -1
381 2 756 314 64 32 0 0 -1
382 1 846 623 150 64 0 0 -1
382 2 759 308 61 36 0 0 -1
383 1 846 628 150 64 0 0 -1
383 2 765 302 65 38 0 0 -1
384 1 846 631 150 61 0 0 -1
384 2 762 296 66 42 0 0 -1
385 1 851 634 150 61 0 0 -1
385 2 769 291 68 41 0 0 -1
386 1 851 637 150 58 0 0 -1
386 2 771 284 63 48 0 0 -1
387 1 851 642 150 58 0 0 -1
387 2 770 284 68 46 0 0 -1
388 1 851 642 150 58 0 0 -1
388 2 774 283 68 47 0 0 -1
389 1 856 647 150 62 0 0 -1
389 2 775 280 72 49 0 0 -1
390 1 866 647 150 62 0 0 -1
390 2 778 280 74 49 0 0 -1
391 1 876 652 150 62 0 0 -1
391 2 779 279 75 48 0 0 -1
392 1 886 652 150 62 0 0 -1
392 2 782 280 73 49 0 0 -1
393 1 891 657 150 62 0 0 -1
393 2 782 280 78 49 0 0 -1
394 1 891 657 150 62 0 0 -1
394 2 783 283 77 49 0 0 -1
395 1 896 667 150 62 0 0 -1
395 2 788 285 74 50 0 0 -1
396 1 896 667 150 62 0 0 -1
396 2 791 287 77 49 0 0 -1
397 1 901 672 150 62 0 0 -1
397 2 795 289 75 57 0 0 -1
398 1 906 677 147 62 0 0 -1
398 2 796 297 79 49 0 0 -1
399 1 906 682 147 62 0 0 -1
399 2 798 298 73 53 0 0 -1
400 1 911 681 143 62 0 0 -1
400 2 801 308 74 47 0 0 -1
401 1 911 686 143 62 0 0 -1
401 2 795 313 82 44 0 0 -1
402 1 911 691 143 62 0 0 -1
402 2 799 314 80 49 0 0 -1
403 1 911 691 143 62 0 0 -1
403 2 800 321 80 44 0 0 -1
404 1 906 691 143 62 0 0 -1
404 2 799 325 81 45 0 0 -1
405 1 906 691 143 62 0 0 -1
405 2 800 332 83 44 0 0 -1
406 1 906 691 143 62 0 0 -1
406 2 801 335 80 43 0 0 -1
407 1 906 691 143 62 0 0 -1
407 2 801 338 85 45 0 0 -1
408 1 901 691 143 62 0 0 -1
408 2 803 339 82 46 0 0 -1
409 1 901 691 143 62 0 0 -1
409 2 803 346 82 41 0 0 -1
410 1 901 696 138 62 0 0 -1
410 2 805 349 80 41 0 0 -1
411 1 896 696 138 62 0 0 -1
411 2 807 351 78 44 0 0 -1
412 1 896 696 138 62 0 0 -1
412 2 808 355 77 36 0 0 -1
413 1 896 696 138 62 0 0 -1
413 2 808 353 81 40 0 0 -1
414 1 896 701 138 62 0 0 -1
414 2 806 353 82 40 0 0 -1
415 1 891 706 138 62 0 0 -1
415 2 807 355 82 43 0 0 -1
416 1 891 706 138 62 0 0 -1
416 2 808 355 82 43 0 0 -1
417 1 891 712 138 56 0 0 -1
417 2 809 356 79 39 0 0 -1
418 1 891 712 138 56 0 0 -1
418 2 811 359 74 39 0 0 -1
419 1 891 712 138 56 0 0 -1
419 2 811 355 77 39 0 0 -1
420 1 891 712 138 56 0 0 -1
420 2 808 357 82 41 0 0 -1
421 1 894 712 138 56 0 0 -1
421 2 807 358 83 40 0 0 -1
422 1 896 712 138 56 0 0 -1
422 2 809 356 77 41 0 0 -1
423 1 896 712 138 56 0 0 -1
423 2 811 357 78 40 0 0 -1
424 1 896 712 138 56 0 0 -1
424 2 808 357 80 38 0 0 -1
425 1 896 712 138 56 0 0 -1
425 2 809 357 75 40 0 0 -1
426 1 901 707 138 56 0 0 -1
426 2 808 355 82 40 0 0 -1
427 1 906 697 138 56 0 0 -1
427 2 808 356 82 42 0 0 -1
428 1 911 682 138 56 0 0 -1
428 2 809 357 76 41 0 0 -1
429 1 916 662 138 56 0 0 -1
429 2 809 356 76 42 0 0 -1
430 1 916 662 138 56 0 0 -1
430 2 807 355 76 42 0 0 -1
431 1 921 647 138 56 0 0 -1
431 2 808 355 77 42 0 0 -1
432 1 931 637 138 56 0 0 -1
432 2 809 357 76 41 0 0 -1
433 1 936 622 138 56 0 0 -1
433 2 808 353 77 45 0 0 -1
434 1 941 607 138 56 0 0 -1
434 2 811 356 73 43 0 0 -1
435 1 951 597 138 56 0 0 -1
435 2 812 355 71 44 0 0 -1
436 1 951 597 138 56 0 0 -1
436 2 813 357 71 43 0 0 -1
437 1 956 592 138 56 0 0 -1
437 2 815 359 73 41 0 0 -1
438 1 961 592 138 56 0 0 -1
438 2 813 359 72 45 0 0 -1
439 1 961 587 138 56 0 0 -1
439 2 815 363 73 41 0 0 -1
440 1 965 587 133 56 0 0 -1
440 2 818 363 75 43 0 0 -1
441 1 965 582 133 56 0 0 -1
441 2 817 361 77 47 0 0 -1
442 1 965 582 133 56 0 0 -1
442 2 818 366 80 45 0 0 -1
443 1 965 582 133 56 0 0 -1
443 2 821 369 77 43 0 0 -1
444 1 965 587 133 56 0 0 -1
444 2 821 372 81 43 0 0 -1
445 1 955 592 133 56 0 0 -1
445 2 824 373 83 42 0 0 -1
446 1 945 592 133 56 0 0 -1
446 2 826 378 76 37 0 0 -1
447 1 935 597 133 56 0 0 -1
447 2 832 375 78 40 0 0 -1
448 1 935 597 133 56 0 0 -1
448 2 830 378 80 39 0 0 -1
449 1 925 597 133 56 0 0 -1
449 2 832 381 79 40 0 0 -1
450 1 910 602 133 56 0 0 -1
450 2 833 381 82 43 0 0 -1
451 1 900 602 133 56 0 0 -1
451 2 839 383 78 40 0 0 -1
452 1 885 602 133 56 0 0 -1
452 2 838 386 77 41 0 0 -1
453 1 875 602 133 56 0 0 -1
453 2 842 389 76 40 0 0 -1
454 1 875 602 133 56 0 0 -1
454 2 843 387 70 44 0 0 -1
455 1 862 597 131 56 0 0 -1
455 2 843 391 76 42 0 0 -1
456 1 862 597 131 56 0 0 -1
456 2 842 391 81 42 0 0 -1
457 1 857 597 131 56 0 0 -1
457 2 849 395 73 39 0 0 -1
458 1 852 587 131 56 0 0 -1
458 2 851 397 73 35 0 0 -1
459 1 852 572 131 56 0 0 -1
459 2 849 397 75 39 0 0 -1
460 1 852 572 131 56 0 0 -1
460 2 849 399 81 37 0 0 -1
461 1 847 562 131 53 0 0 -1
461 2 850 401 74 37 0 0 -1
462 1 847 547 131 53 0 0 -1
462 2 851 403 77 38 0 0 -1
463 1 842 542 131 53 0 0 -1
463 2 852 406 76 36 0 0 -1
464 1 842 537 131 53 0 0 -1
464 2 850 404 80 38 0 0 -1
465 1 837 537 131 53 0 0 -1
465 2 856 407 75 33 0 0 -1
466 1 837 537 131 53 0 0 -1
466 2 856 407 76 35 0 0 -1
467 1 832 537 131 53 0 0 -1
467 2 855 404 77 38 0 0 -1
468 1 827 537 131 53 0 0 -1
468 2 855 400 80 42 0 0 -1
469 1 817 537 131 53 0 0 -1
469 2 856 400 76 45 0 0 -1
470 1 817 532 131 53 0 0 -1
470 2 864 400 70 47 0 0 -1
471 1 811 527 131 53 0 0 -1
471 2 863 400 76 46 0 0 -1
472 1 811 527 131 53 0 0 -1
472 2 869 400 68 50 0 0 -1
473 1 811 522 131 53 0 0 -1
473 2 868 403 72 50 0 0 -1
474 1 806 517 131 53 0 0 -1
474 2 872 404 72 49 0 0 -1
475 1 806 512 131 53 0 0 -1
475 2 876 404 71 50 0 0 -1
476 1 806 507 131 53 0 0 -1
476 2 884 406 65 49 0 0 -1
477 1 806 502 131 53 0 0 -1
477 2 889 403 71 56 0 0 -1
478 1 806 487 131 53 0 0 -1
478 2 892 408 72 53 0 0 -1
479 1 806 487 131 53 0 0 -1
479 2 901 411 73 50 0 0 -1
480 1 806 477 131 53 0 0 -1
480 2 906 416 71 46 0 0 -1
481 1 811 467 131 53 0 0 -1
481 2 911 417 77 42 0 0 -1
482 1 811 452 131 53 0 0 -1
482 2 915 421 83 40 0 0 -1
483 1 816 437 131 53 0 0 -1
483 2 923 424 79 39 0 0 -1
484 1 826 422 125 53 0 0 -1
484 2 934 421 75 42 0 0 -1
485 1 826 422 125 53 0 0 -1
485 2 937 421 76 42 0 0 -1
486 1 831 412 125 53 0 0 -1
486 2 948 420 73 45 0 0 -1
487 1 837 411 118 51 0 0 -1
487 2 945 421 83 44 0 0 -1
488 1 837 401 118 51 0 0 -1
488 2 952 420 80 46 0 0 -1
489 1 842 396 118 51 0 0 -1
489 2 962 423 77 45 0 0 -1
490 1 847 391 118 51 0 0 -1
490 2 964 424 75 43 0 0 -1
491 1 847 391 118 51 0 0 -1
491 2 968 425 77 42 0 0 -1
492 1 847 391 118 51 0 0 -1
492 2 971 427 75 44 0 0 -1
493 1 852 386 118 51 0 0 -1
493 2 973 421 78 50 0 0 -1
494 1 852 381 118 51 0 0 -1
494 2 974 427 80 43 0 0 -1
495 1 857 376 118 51 0 0 -1
495 2 977 429 76 41 0 0 -1
496 1 857 376 118 51 0 0 -1
496 2 981 431 74 37 0 0 -1
497 1 857 376 118 51 0 0 -1
497 2 982 433 80 39 0 0 -1
498 1 862 373 118 49 0 0 -1
498 2 987 432 76 36 0 0 -1
499 1 862 371 118 48 0 0 -1
499 2 987 436 77 36 0 0 -1
500 1 867 371 114 46 0 0 -1
500 2 988 433 79 38 0 0 -1
501 1 872 366 111 46 0 0 -1
501 2 990 432 80 42 0 0 -1
502 1 877 361 111 46 0 0 -1
502 2 992 433 80 38 0 0 -1
503 1 877 361 111 46 0 0 -1
503 2 999 433 73 39 0 0 -1
504 1 882 358 104 44 0 0 -1
504 2 998 434 75 38 0 0 -1
505 1 882 353 104 44 0 0 -1
505 2 1000 434 72 38 0 0 -1
506 1 887 348 104 44 0 0 -1
506 2 996 436 79 39 0 0 -1
507 1 892 343 104 44 0 0 -1
507 2 996 434 75 40 0 0 -1
508 1 897 338 101 41 0 0 -1
508 2 1003 434 70 41 0 0 -1
509 1 897 338 101 41 0 0 -1
509 2 1000 432 79 43 0 0 -1
510 1 897 328 101 41 0 0 -1
510 2 1002 433 75 42 0 0 -1
511 1 902 318 104 41 0 0 -1
511 2 1002 436 77 38 0 0 -1
512 1 912 308 101 41 0 0 -1
512 2 1002 434 79 42 0 0 -1
513 1 917 303 101 41 0 0 -1
513 2 1004 436 80 40 0 0 -1
514 1 922 293 101 41 0 0 -1
514 2 1002 437 81 41 0 0 -1
515 1 922 293 101 41 0 0 -1
515 2 1004 437 80 38 0 0 -1
516 1 927 288 101 41 0 0 -1
516 2 1003 438 80 38 0 0 -1
517 1 932 283 101 41 0 0 -1
517 2 1004 438 80 38 0 0 -1
518 1 937 278 101 41 0 0 -1
518 2 1002 436 83 42 0 0 -1
519 1 947 268 101 41 0 0 -1
519 2 1003 436 84 42 0 0 -1
520 1 952 263 101 41 0 0 -1
520 2 1003 437 87 42 0 0 -1
521 1 952 263 101 41 0 0 -1
521 2 1003 437 84 39 0 0 -1
522 1 957 253 101 41 0 0 -1
522 2 1009 440 76 36 0 0 -1
523 1 962 248 101 41 0 0 -1
523 2 1004 442 80 36 0 0 -1
524 1 972 243 95 41 0 0 -1
524 2 1007 437 78 42 0 0 -1
525 1 977 238 95 41 0 0 -1
525 2 1009 438 78 42 0 0 -1
526 1 982 233 95 41 0 0 -1
526 2 1003 438 82 41 0 0 -1
527 1 982 233 95 41 0 0 -1
527 2 1004 441 80 39 0 0 -1
528 1 987 228 95 41 0 0 -1
528 2 1005 440 79 40 0 0 -1
529 1 992 218 95 41 0 0 -1
529 2 1008 442 76 38 0 0 -1
530 1 997 213 95 41 0 0 -1
530 2 1004 441 79 39 0 0 -1
531 1 1002 203 95 41 0 0 -1
531 2 1007 440 77 38 0 0 -1
532 1 1007 193 95 41 0 0 -1
532 2 1005 441 76 41 0 0 -1
533 1 1007 193 95 41 0 0 -1
533 2 1004 442 77 40 0 0 -1
534 1 1012 183 95 41 0 0 -1
534 2 1003 442 81 38 0 0 -1
535 1 1021 175 91 37 0 0 -1
535 2 999 440 88 43 0 0 -1
536 1 1021 165 91 37 0 0 -1
536 2 1004 440 80 40 0 0 -1
537 1 1023 147 91 37 0 0 -1
537 2 999 442 85 40 0 0 -1
538 1 1028 132 91 37 0 0 -1
538 2 1000 441 84 41 0 0 -1
539 1 1028 132 91 37 0 0 -1
539 2 1000 441 80 42 0 0 -1
540 1 1033 122 91 37 0 0 -1
540 2 1003 441 76 39 0 0 -1
541 1 1029 114 91 37 0 0 -1
541 2 1002 445 82 37 0 0 -1
542 1 1029 109 91 37 0 0 -1
542 2 1004 441 80 41 0 0 -1
543 1 1029 104 91 37 0 0 -1
543 2 1003 444 78 38 0 0 -1
544 1 1024 99 91 37 0 0 -1
544 2 1005 441 76 39 0 0 -1
545 1 1024 99 91 37 0 0 -1
545 2 1003 441 82 41 0 0 -1
546 1 1024 94 91 37 0 0 -1
546 2 1004 442 79 40 0 0 -1
547 1 1024 94 91 37 0 0 -1
547 2 998 441 82 42 0 0 -1
548 1 1022 97 91 37 0 0 -1
548 2 1002 444 82 40 0 0 -1
549 1 1022 97 91 37 0 0 -1
549 2 1002 445 77 39 0 0 -1
550 1 1027 112 91 37 0 0 -1
550 2 1000 445 85 38 0 0 -1
551 1 1027 112 91 37 0 0 -1
551 2 998 442 83 42 0 0 -1
552 1 1032 122 91 37 0 0 -1
552 2 999 442 82 42 0 0 -1
553 1 1032 132 91 37 0 0 -1
553 2 1004 444 76 39 0 0 -1
554 1 1032 147 91 37 0 0 -1
554 2 1002 445 77 39 0 0 -1
555 1 1032 152 91 37 0 0 -1
555 2 998 448 82 37 0 0 -1
556 1 1027 162 91 37 0 0 -1
556 2 1000 446 81 38 0 0 -1
557 1 1022 162 91 37 0 0 -1
557 2 1003 442 81 42 0 0 -1
558 1 1017 162 91 37 0 0 -1
558 2 1003 444 72 39 0 0 -1
559 1 1017 162 91 37 0 0 -1
559 2 1002 444 77 41 0 0 -1
560 1 1012 162 91 37 0 0 -1
560 2 1002 445 77 39 0 0 -1
561 1 1002 162 91 37 0 0 -1
561 2 1003 444 74 41 0 0 -1
562 1 992 157 91 37 0 0 -1
562 2 995 445 81 39 0 0 -1
563 1 992 157 91 37 0 0 -1
563 2 996 442 83 46 0 0 -1
564 1 987 157 91 37 0 0 -1
564 2 995 445 85 40 0 0 -1
565 1 972 152 91 37 0 0 -1
565 2 998 446 78 38 0 0 -1
566 1 962 152 91 37 0 0 -1
566 2 996 446 76 42 0 0 -1
567 1 957 147 91 37 0 0 -1
567 2 998 448 77 39 0 0 -1
568 1 942 147 91 37 0 0 -1
568 2 998 448 73 41 0 0 -1
569 1 942 147 91 37 0 0 -1
569 2 999 448 73 36 0 0 -1
570 1 927 147 91 37 0 0 -1
570 2 996 448 79 34 0 0 -1
571 1 917 142 91 37 0 0 -1
571 2 998 444 79 43 0 0 -1
572 1 907 142 91 37 0 0 -1
572 2 991 445 81 40 0 0 -1
573 1 905 138 88 36 0 0 -1
573 2 992 448 75 39 0 0 -1
574 1 900 138 88 36 0 0 -1
574 2 992 444 76 40 0 0 -1
575 1 900 138 88 36 0 0 -1
575 2 983 446 79 42 0 0 -1
576 1 895 138 88 36 0 0 -1
576 2 987 445 77 43 0 0 -1
577 1 890 138 88 36 0 0 -1
577 2 988 444 74 39 0 0 -1
578 1 885 138 88 36 0 0 -1
578 2 982 446 78 39 0 0 -1
579 1 880 133 88 36 0 0 -1
579 2 983 446 72 37 0 0 -1
580 1 875 133 88 36 0 0 -1
580 2 979 445 80 37 0 0 -1
581 1 875 133 88 36 0 0 -1
581 2 982 444 78 43 0 0 -1
582 1 870 133 88 36 0 0 -1
582 2 978 442 75 40 0 0 -1
583 1 865 133 88 36 0 0 -1
583 2 974 445 79 44 0 0 -1
584 1 855 133 88 36 0 0 -1
584 2 975 442 79 41 0 0 -1
585 1 850 133 88 36 0 0 -1
585 2 971 442 78 42 0 0 -1
586 1 847 133 81 36 0 0 -1
586 2 971 440 71 43 0 0 -1
587 1 847 133 81 36 0 0 -1
587 2 965 442 71 41 0 0 -1
588 1 842 133 81 36 0 0 -1
588 2 966 444 72 39 0 0 -1
589 1 832 133 81 36 0 0 -1
589 2 957 442 76 41 0 0 -1
590 1 827 128 81 36 0 0 -1
590 2 954 438 78 46 0 0 -1
591 1 817 128 81 36 0 0 -1
591 2 953 438 71 44 0 0 -1
592 1 812 128 81 36 0 0 -1
592 2 947 441 78 42 0 0 -1
593 1 812 128 81 36 0 0 -1
593 2 941 444 81 38 0 0 -1
594 1 802 128 81 36 0 0 -1
594 2 944 441 72 35 0 0 -1
595 1 792 128 81 36 0 0 -1
595 2 935 440 74 39 0 0 -1
596 1 787 128 81 36 0 0 -1
596 2 931 440 74 40 0 0 -1
597 1 782 128 81 36 0 0 -1
597 2 930 438 66 38 0 0 -1
598 1 777 128 81 36 0 0 -1
598 2 927 437 68 38 0 0 -1
599 1 777 128 81 36 0 0 -1
599 2 922 436 73 39 0 0 -1
600 1 767 128 81 36 0 0 -1
600 2 918 434 69 42 0 0 -1
601 1 767 123 69 36 0 0 -1
601 2 910 436 76 42 0 0 -1
602 1 762 123 69 36 0 0 -1
602 2 902 437 77 38 0 0 -1
603 1 754 118 69 36 0 0 -1
603 2 900 433 74 42 0 0 -1
604 1 749 118 69 36 0 0 -1
604 2 900 436 65 40 0 0 -1
605 1 749 118 69 36 0 0 -1
605 2 896 431 70 41 0 0 -1
606 1 744 118 69 36 0 0 -1
606 2 889 432 72 40 0 0 -1
607 1 739 113 69 36 0 0 -1
607 2 877 429 79 45 0 0 -1
608 1 734 113 69 36 0 0 -1
608 2 876 431 73 39 0 0 -1
609 1 729 111 69 38 0 0 -1
609 2 873 428 71 43 0 0 -1
610 1 724 111 69 38 0 0 -1
610 2 863 429 76 38 0 0 -1
611 1 724 111 69 38 0 0 -1
611 2 858 427 77 43 0 0 -1
612 1 714 111 69 38 0 0 -1
612 2 851 425 76 42 0 0 -1
613 1 707 111 71 38 0 0 -1
613 2 847 424 76 41 0 0 -1
614 1 701 111 72 38 0 0 -1
614 2 843 424 72 42 0 0 -1
615 1 691 111 72 38 0 0 -1
615 2 835 427 78 38 0 0 -1
616 1 686 111 72 38 0 0 -1
616 2 833 427 72 38 0 0 -1
617 1 686 111 72 38 0 0 -1
617 2 825 424 73 41 0 0 -1
618 1 681 111 72 38 0 0 -1
618 2 813 421 80 42 0 0 -1
619 1 671 111 72 38 0 0 -1
619 2 809 423 77 40 0 0 -1
620 1 666 106 72 38 0 0 -1
620 2 805 423 75 42 0 0 -1
621 1 661 106 72 38 0 0 -1
621 2 799 424 77 38 0 0 -1
622 1 656 101 72 38 0 0 -1
622 2 792 423 76 39 0 0 -1
623 1 651 101 72 38 0 0 -1
623 2 784 423 78 38 0 0 -1
624 1 646 101 72 38 0 0 -1
624 2 778 420 74 43 0 0 -1
625 1 635 99 78 38 0 0 -1
625 2 774 421 71 38 0 0 -1
626 1 630 99 78 38 0 0 -1
626 2 771 420 70 41 0 0 -1
627 1 625 94 78 38 0 0 -1
627 2 761 420 71 39 0 0 -1
628 1 615 94 78 38 0 0 -1
628 2 757 423 71 35 0 0 -1
629 1 615 94 78 38 0 0 -1
629 2 747 421 73 38 0 0 -1
630 1 605 94 78 38 0 0 -1
630 2 739 421 76 37 0 0 -1
631 1 600 94 78 38 0 0 -1
631 2 737 420 68 37 0 0 -1
632 1 594 91 82 41 0 0 -1
632 2 726 421 74 36 0 0 -1
633 1 584 91 82 41 0 0 -1
633 2 719 416 75 39 0 0 -1
634 1 579 91 82 41 0 0 -1
634 2 711 416 75 39 0 0 -1
635 1 579 91 82 41 0 0 -1
635 2 705 416 73 38 0 0 -1
636 1 574 91 82 41 0 0 -1
636 2 701 415 70 39 0 0 -1
637 1 564 93 84 39 0 0 -1
637 2 694 416 73 35 0 0 -1
638 1 559 93 84 39 0 0 -1
638 2 683 415 79 35 0 0 -1
639 1 549 98 84 39 0 0 -1
639 2 676 413 81 40 0 0 -1
640 1 544 98 84 39 0 0 -1
640 2 669 414 76 37 0 0 -1
641 1 539 98 84 39 0 0 -1
641 2 662 414 75 37 0 0 -1
642 1 539 98 84 39 0 0 -1
642 2 655 411 76 40 0 0 -1
643 1 529 103 84 39 0 0 -1
643 2 647 411 77 38 0 0 -1
644 1 519 105 84 39 0 0 -1
644 2 641 412 75 37 0 0 -1
645 1 514 105 84 39 0 0 -1
645 2 633 410 76 41 0 0 -1
646 1 504 110 84 39 0 0 -1
646 2 624 410 79 38 0 0 -1
647 1 494 110 84 39 0 0 -1
647 2 618 411 76 37 0 0 -1
648 1 494 112 84 39 0 0 -1
648 2 613 411 75 37 0 0 -1
649 1 485 116 88 40 0 0 -1
649 2 603 408 78 38 0 0 -1
650 1 475 116 88 40 0 0 -1
650 2 600 407 73 39 0 0 -1
651 1 466 121 88 40 0 0 -1
651 2 588 407 79 37 0 0 -1
652 1 456 126 88 40 0 0 -1
652 2 583 407 79 41 0 0 -1
653 1 451 126 88 40 0 0 -1
653 2 574 406 77 42 0 0 -1
654 1 451 126 88 40 0 0 -1
654 2 570 406 76 39 0 0 -1
655 1 441 126 88 40 0 0 -1
655 2 560 402 79 43 0 0 -1
656 1 431 131 88 40 0 0 -1
656 2 553 402 77 39 0 0 -1
657 1 426 131 88 40 0 0 -1
657 2 547 403 77 39 0 0 -1
658 1 416 136 88 40 0 0 -1
658 2 536 402 79 38 0 0 -1
659 1 406 136 88 40 0 0 -1
659 2 531 402 78 38 0 0 -1
660 1 406 136 88 40 0 0 -1
660 2 524 400 76 40 0 0 -1
661 1 401 141 88 40 0 0 -1
661 2 513 399 82 42 0 0 -1
662 1 391 141 88 40 0 0 -1
662 2 507 398 80 39 0 0 -1
663 1 386 141 88 40 0 0 -1
663 2 498 398 80 39 0 0 -1
664 1 381 146 88 40 0 0 -1
664 2 493 399 80 38 0 0 -1
665 1 372 150 88 40 0 0 -1
665 2 486 398 79 35 0 0 -1
666 1 372 150 88 40 0 0 -1
666 2 476 397 85 37 0 0 -1
667 1 367 150 88 40 0 0 -1
667 2 468 395 81 38 0 0 -1
668 1 357 155 88 40 0 0 -1
668 2 456 395 92 41 0 0 -1
669 1 352 155 88 40 0 0 -1
669 2 452 394 84 40 0 0 -1
670 1 347 155 88 40 0 0 -1
670 2 442 393 90 38 0 0 -1
671 1 342 160 88 40 0 0 -1
671 2 441 394 79 38 0 0 -1
672 1 342 160 88 40 0 0 -1
672 2 433 389 83 40 0 0 -1
673 1 337 160 88 40 0 0 -1
673 2 424 389 77 39 0 0 -1
674 1 332 160 88 40 0 0 -1
674 2 414 389 84 42 0 0 -1
675 1 327 160 88 40 0 0 -1
675 2 408 387 85 40 0 0 -1
676 1 322 165 88 40 0 0 -1
676 2 399 386 85 39 0 0 -1
677 1 317 165 88 40 0 0 -1
677 2 391 385 88 40 0 0 -1
678 1 317 165 88 40 0 0 -1
678 2 384 382 87 39 0 0 -1
679 1 307 165 88 40 0 0 -1
679 2 377 383 83 41 0 0 -1
680 1 307 165 88 40 0 0 -1
680 2 365 383 86 37 0 0 -1
681 1 302 170 88 40 0 0 -1
681 2 361 382 86 41 0 0 -1
682 1 297 175 88 40 0 0 -1
682 2 354 378 85 42 0 0 -1
683 1 292 175 88 40 0 0 -1
683 2 344 377 85 40 0 0 -1
684 1 292 175 88 40 0 0 -1
684 2 333 378 88 39 0 0 -1
685 1 287 175 88 40 0 0 -1
685 2 327 374 87 45 0 0 -1
686 1 282 175 88 40 0 0 -1
686 2 320 373 84 42 0 0 -1
687 1 277 175 88 40 0 0 -1
687 2 312 373 87 42 0 0 -1
688 1 277 175 88 40 0 0 -1
688 2 305 373 85 42 0 0 -1
689 1 272 180 88 40 0 0 -1
689 2 297 370 82 41 0 0 -1
690 1 272 180 88 40 0 0 -1
690 2 286 369 89 42 0 0 -1
691 1 267 180 88 40 0 0 -1
691 2 280 366 86 44 0 0 -1
692 1 262 180 88 40 0 0 -1
692 2 273 366 84 42 0 0 -1
693 1 257 180 88 40 0 0 -1
693 2 263 365 87 42 0 0 -1
694 1 257 180 88 40 0 0 -1
694 2 254 363 90 44 0 0 -1
695 1 252 175 88 40 0 0 -1
695 2 247 363 88 41 0 0 -1
696 1 252 175 88 40 0 0 -1
696 2 238 357 85 49 0 0 -1
697 1 247 175 88 40 0 0 -1
697 2 230 360 89 42 0 0 -1
698 1 247 175 88 40 0 0 -1
698 2 224 357 86 47 0 0 -1
699 1 247 175 88 40 0 0 -1
699 2 212 355 90 44 0 0 -1
700 1 242 175 88 40 0 0 -1
700 2 205 352 85 47 0 0 -1
701 1 237 175 88 40 0 0 -1
701 2 197 349 85 48 0 0 -1
702 1 237 175 88 40 0 0 -1
702 2 190 348 87 47 0 0 -1
703 1 237 175 88 40 0 0 -1
703 2 183 346 86 48 0 0 -1
704 1 237 175 88 40 0 0 -1
704 2 175 342 88 52 0 0 -1
705 1 237 175 88 40 0 0 -1
705 2 167 342 87 53 0 0 -1
706 1 237 175 88 40 0 0 -1
706 2 159 340 89 54 0 0 -1
707 1 237 175 88 40 0 0 -1
707 2 154 342 87 51 0 0 -1
708 1 237 175 88 40 0 0 -1
708 2 146 341 89 52 0 0 -1
709 1 237 175 88 40 0 0 -1
709 2 140 340 87 53 0 0 -1
710 1 232 175 88 40 0 0 -1
710 2 136 339 85 55 0 0 -1
711 1 237 175 88 40 0 0 -1
711 2 128 340 89 54 0 0 -1
712 1 237 175 88 40 0 0 -1
712 2 123 343 89 51 0 0 -1
713 1 232 175 88 40 0 0 -1
713 2 119 343 86 54 0 0 -1
714 1 232 175 88 40 0 0 -1
714 2 111 346 90 49 0 0 -1
715 1 232 175 88 40 0 0 -1
715 2 107 347 89 51 0 0 -1
716 1 232 180 88 40 0 0 -1
716 2 103 348 89 54 0 0 -1
717 1 232 185 88 40 0 0 -1
717 2 97 351 90 53 0 0 -1
718 1 232 190 88 40 0 0 -1
718 2 95 353 91 51 0 0 -1
719 1 227 195 88 40 0 0 -1
719 2 90 355 90 49 0 0 -1
720 1 227 195 88 40 0 0 -1
720 2 86 360 92 52 0 0 -1
721 1 217 195 88 40 0 0 -1
721 2 84 364 90 51 0 0 -1
722 1 217 200 88 40 0 0 -1
722 2 81 366 89 48 0 0 -1
723 1 218 200 80 40 0 0 -1
723 2 78 369 93 51 0 0 -1
724 1 213 200 80 40 0 0 -1
724 2 76 374 94 49 0 0 -1
725 1 213 200 80 40 0 0 -1
725 2 73 374 94 50 0 0 -1
726 1 213 200 80 40 0 0 -1
726 2 73 377 90 51 0 0 -1
727 1 208 200 80 40 0 0 -1
727 2 72 380 91 52 0 0 -1
728 1 203 200 80 40 0 0 -1
728 2 73 382 89 52 0 0 -1
729 1 198 200 80 40 0 0 -1
729 2 72 387 87 49 0 0 -1
730 1 202 200 70 40 0 0 -1
730 2 69 386 92 48 0 0 -1
731 1 202 200 70 40 0 0 -1
731 2 68 382 88 55 0 0 -1
732 1 202 200 70 40 0 0 -1
732 2 71 382 90 59 0 0 -1
733 1 197 195 70 40 0 0 -1
733 2 75 380 86 64 0 0 -1
734 1 192 195 70 40 0 0 -1
734 2 80 378 77 63 0 0 -1
735 1 187 195 70 40 0 0 -1
735 2 84 380 79 68 0 0 -1
736 1 187 195 70 40 0 0 -1
736 2 88 381 75 67 0 0 -1
737 1 182 200 70 40 0 0 -1
737 2 95 385 75 63 0 0 -1
738 1 182 200 70 40 0 0 -1
738 2 99 383 76 67 0 0 -1
739 1 177 200 70 40 0 0 -1
739 2 109 383 73 67 0 0 -1
740 1 177 205 70 40 0 0 -1
740 2 118 389 73 64 0 0 -1
741 1 172 205 70 40 0 0 -1
741 2 128 393 76 61 0 0 -1
742 1 172 205 70 40 0 0 -1
742 2 137 393 79 61 0 0 -1
743 1 167 210 70 40 0 0 -1
743 2 148 395 81 60 0 0 -1
744 1 167 210 70 40 0 0 -1
744 2 162 397 80 60 0 0 -1
745 1 167 210 70 40 0 0 -1
745 2 174 398 81 60 0 0 -1
746 1 167 215 70 40 0 0 -1
746 2 186 402 79 57 0 0 -1
747 1 167 215 70 40 0 0 -1
747 2 199 403 83 52 0 0 -1
748 1 167 225 70 40 0 0 -1
748 2 214 404 83 54 0 0 -1
749 1 167 230 70 40 0 0 -1
749 2 229 406 80 55 0 0 -1
750 1 167 230 70 40 0 0 -1
750 2 246 412 77 49 0 0 -1
751 1 167 230 70 40 0 0 -1
751 2 259 410 82 52 0 0 -1
752 1 167 235 70 40 0 0 -1
752 2 276 415 80 51 0 0 -1
753 1 172 240 70 40 0 0 -1
753 2 289 412 80 55 0 0 -1
754 1 172 245 70 40 0 0 -1
754 2 303 415 80 53 0 0 -1
755 1 172 250 70 40 0 0 -1
755 2 320 420 83 50 0 0 -1
756 1 172 250 70 40 0 0 -1
756 2 337 421 77 53 0 0 -1
757 1 172 259 75 40 0 0 -1
757 2 353 423 81 51 0 0 -1
758 1 172 259 75 40 0 0 -1
758 2 367 423 81 55 0 0 -1
759 1 172 269 75 40 0 0 -1
759 2 387 424 76 55 0 0 -1
760 1 172 269 75 40 0 0 -1
760 2 401 425 75 55 0 0 -1
761 1 172 274 75 40 0 0 -1
761 2 418 428 79 52 0 0 -1
762 1 172 274 75 40 0 0 -1
762 2 434 432 76 52 0 0 -1
763 1 172 279 75 40 0 0 -1
763 2 451 434 75 53 0 0 -1
764 1 177 284 75 40 0 0 -1
764 2 467 438 78 50 0 0 -1
765 1 177 284 75 40 0 0 -1
765 2 482 440 78 53 0 0 -1
766 1 177 284 75 40 0 0 -1
766 2 505 442 76 51 0 0 -1
767 1 177 284 75 40 0 0 -1
767 2 520 445 74 50 0 0 -1
768 1 177 289 75 40 0 0 -1
768 2 537 448 74 51 0 0 -1
769 1 170 290 82 40 0 0 -1
769 2 553 451 77 51 0 0 -1
770 1 170 290 82 40 0 0 -1
770 2 570 454 77 52 0 0 -1
771 1 170 295 82 40 0 0 -1
771 2 590 460 76 48 0 0 -1
772 1 170 295 82 40 0 0 -1
772 2 603 461 81 48 0 0 -1
773 1 170 295 82 40 0 0 -1
773 2 625 465 76 45 0 0 -1
774 1 170 295 82 40 0 0 -1
774 2 639 468 76 46 0 0 -1
775 1 170 295 82 40 0 0 -1
775 2 652 475 80 38 0 0 -1
776 1 170 295 82 40 0 0 -1
776 2 672 480 73 34 0 0 -1
777 1 170 295 82 40 0 0 -1
777 2 692 484 70 34 0 0 -1
778 1 170 295 82 40 0 0 -1
778 2 706 485 60 32 0 0 -1
779 1 170 295 82 40 0 0 -1
779 2 720 487 61 38 0 0 -1
780 1 170 295 82 40 0 0 -1
780 2 736 488 55 38 0 0 -1
781 1 170 295 82 40 0 0 -1
781 2 750 488 62 41 0 0 -1
782 1 170 295 82 40 0 0 -1
782 2 762 488 64 41 0 0 -1
783 1 170 295 82 40 0 0 -1
783 2 771 487 63 46 0 0 -1
784 1 170 295 82 40 0 0 -1
784 2 786 492 64 39 0 0 -1
785 1 170 295 82 40 0 0 -1
785 2 792 492 70 42 0 0 -1
786 1 170 295 82 40 0 0 -1
786 2 807 496 64 43 0 0 -1
787 1 170 295 82 40 0 0 -1
787 2 813 499 64 43 0 0 -1
788 1 175 295 82 40 0 0 -1
788 2 821 501 76 39 0 0 -1
789 1 175 300 82 40 0 0 -1
789 2 837 501 63 39 0 0 -1
790 1 180 300 82 40 0 0 -1
790 2 839 506 68 34 0 0 -1
791 1 180 305 82 40 0 0 -1
791 2 846 509 69 33 0 0 -1
792 1 180 305 82 40 0 0 -1
792 2 862 506 60 38 0 0 -1
793 1 180 305 82 40 0 0 -1
793 2 862 509 73 38 0 0 -1
794 1 185 305 82 40 0 0 -1
794 2 872 509 68 39 0 0 -1
795 1 185 310 82 40 0 0 -1
795 2 871 509 74 39 0 0 -1
796 1 185 310 82 40 0 0 -1
796 2 879 509 70 40 0 0 -1
797 1 190 310 82 40 0 0 -1
797 2 893 513 73 34 0 0 -1
798 1 190 310 82 40 0 0 -1
798 2 892 512 70 37 0 0 -1
799 1 190 315 82 40 0 0 -1
799 2 898 513 70 35 0 0 -1
800 1 195 310 82 40 0 0 -1
800 2 905 516 63 35 0 0 -1
801 1 195 310 82 40 0 0 -1
801 2 914 517 54 31 0 0 -1
802 1 200 315 82 40 0 0 -1
802 2 915 513 64 38 0 0 -1
803 1 200 315 82 40 0 0 -1
803 2 917 512 68 36 0 0 -1
804 1 205 315 82 40 0 0 -1
804 2 923 516 62 33 0 0 -1
805 1 205 315 82 40 0 0 -1
805 2 923 513 64 38 0 0 -1
806 1 210 315 82 40 0 0 -1
806 2 926 513 62 39 0 0 -1
807 1 210 315 82 40 0 0 -1
807 2 931 516 63 36 0 0 -1
808 1 215 315 82 40 0 0 -1
808 2 937 514 54 34 0 0 -1
809 1 215 315 82 40 0 0 -1
809 2 935 516 61 36 0 0 -1
810 1 220 320 82 40 0 0 -1
810 2 937 516 61 35 0 0 -1
811 1 220 315 82 40 0 0 -1
811 2 941 517 63 31 0 0 -1
812 1 220 315 82 40 0 0 -1
812 2 940 517 60 35 0 0 -1
813 1 220 320 82 40 0 0 -1
813 2 943 514 59 37 0 0 -1
814 1 225 315 82 40 0 0 -1
814 2 944 514 59 37 0 0 -1
815 1 230 315 82 40 0 0 -1
815 2 948 516 55 36 0 0 -1
816 1 230 315 82 40 0 0 -1
816 2 949 513 58 36 0 0 -1
817 1 230 315 83 40 0 0 -1
817 2 954 512 51 40 0 0 -1
818 1 235 315 83 40 0 0 -1
818 2 958 509 51 46 0 0 -1
819 1 235 315 83 40 0 0 -1
819 2 961 508 54 47 0 0 -1
820 1 240 315 83 40 0 0 -1
820 2 969 512 52 41 0 0 -1
821 1 240 315 83 40 0 0 -1
821 2 974 508 50 45 0 0 -1
822 1 245 315 83 40 0 0 -1
822 2 978 510 55 43 0 0 -1
823 1 245 315 83 40 0 0 -1
823 2 985 508 52 45 0 0 -1
824 1 250 315 83 40 0 0 -1
824 2 988 505 55 48 0 0 -1
825 1 255 315 83 40 0 0 -1
825 2 1003 512 50 41 0 0 -1
826 1 255 310 83 40 0 0 -1
826 2 1008 513 56 40 0 0 -1
827 1 260 310 83 40 0 0 -1
827 2 1019 513 49 37 0 0 -1
828 1 270 310 83 40 0 0 -1
828 2 1026 519 57 34 0 0 -1
829 1 270 310 83 40 0 0 -1
829 2 1037 518 51 33 0 0 -1
830 1 275 310 83 40 0 0 -1
830 2 1040 523 66 28 0 0 -1
831 1 275 310 83 40 0 0 -1
831 2 1059 521 56 34 0 0 -1
832 1 285 310 83 40 0 0 -1
832 2 1067 523 56 37 0 0 -1
833 1 290 310 83 40 0 0 -1
833 2 1080 521 50 40 0 0 -1
834 1 295 305 83 40 0 0 -1
834 2 1087 521 54 40 0 0 -1
835 1 295 305 83 40 0 0 -1
835 2 1090 525 63 41 0 0 -1
836 1 300 305 83 40 0 0 -1
836 2 1104 523 60 46 0 0 -1
837 1 305 305 83 40 0 0 -1
837 2 1110 533 60 41 0 0 -1
838 1 310 305 83 40 0 0 -1
838 2 1115 538 57 39 0 0 -1
839 1 315 305 83 40 0 0 -1
839 2 1122 543 61 37 0 0 -1
840 1 325 305 83 40 0 0 -1
840 2 1124 542 63 36 0 0 -1
841 1 325 305 83 40 0 0 -1
841 2 1128 547 68 31 0 0 -1
842 1 330 305 83 40 0 0 -1
842 2 1139 549 59 32 0 0 -1
843 1 335 305 83 40 0 0 -1
843 2 1143 551 61 31 0 0 -1
844 1 340 305 83 40 0 0 -1
844 2 1149 548 55 34 0 0 -1
845 1 345 310 83 40 0 0 -1
845 2 1157 549 58 34 0 0 -1
846 1 355 310 83 40 0 0 -1
846 2 1160 548 64 35 0 0 -1
847 1 355 310 83 40 0 0 -1
847 2 1168 550 60 36 0 0 -1
848 1 355 310 83 40 0 0 -1
848 2 1170 551 64 34 0 0 -1
849 1 360 310 83 40 0 0 -1
849 2 1179 549 60 34 0 0 -1
850 1 365 310 83 40 0 0 -1
850 2 1183 549 68 34 0 0 -1
851 1 370 320 83 40 0 0 -1
851 2 1189 544 73 39 0 0 -1
852 1 375 320 83 40 0 0 -1
852 2 1194 543 69 38 0 0 -1
853 1 375 320 83 40 0 0 -1
853 2 1199 546 71 36 0 0 -1
854 1 384 325 74 40 0 0 -1
854 2 1204 543 75 35 0 0 -1
855 1 384 330 74 40 0 0 -1
855 2 1215 542 68 30 0 0 -1
856 1 384 335 74 40 0 0 -1
856 2 1217 538 72 36 0 0 -1
857 1 389 340 74 40 0 0 -1
857 2 1225 538 71 36 0 0 -1
858 1 389 340 74 40 0 0 -1
858 2 1232 535 68 38 0 0 -1
859 1 389 340 74 40 0 0 -1
859 2 1238 534 68 35 0 0 -1
860 1 394 345 74 40 0 0 -1
860 2 1250 535 61 31 0 0 -1
861 1 399 350 74 40 0 0 -1
861 2 1252 527 63 38 0 0 -1
862 1 404 355 74 40 0 0 -1
862 2 1263 525 61 32 0 0 -1
863 1 409 360 74 40 0 0 -1
863 2 1267 521 59 32 0 0 -1
864 1 409 365 74 40 0 0 -1
864 2 1273 513 63 42 0 0 -1
865 1 409 370 74 40 0 0 -1
865 2 1277 505 66 41 0 0 -1
866 1 419 375 74 40 0 0 -1
866 2 1280 501 65 45 0 0 -1
867 1 419 380 74 40 0 0 -1
867 2 1285 491 68 42 0 0 -1
868 1 424 380 74 40 0 0 -1
868 2 1289 487 68 48 0 0 -1
869 1 431 388 74 40 0 0 -1
869 2 1292 476 76 49 0 0 -1
870 1 436 393 74 40 0 0 -1
870 2 1294 468 72 49 0 0 -1
871 1 436 393 74 40 0 0 -1
871 2 1298 459 79 50 0 0 -1
872 1 441 398 74 40 0 0 -1
872 2 1301 455 73 47 0 0 -1
873 1 446 403 74 40 0 0 -1
873 2 1301 445 73 47 0 0 -1
874 1 456 408 74 40 0 0 -1
874 2 1300 438 77 44 0 0 -1
875 1 461 413 74 40 0 0 -1
875 2 1302 432 77 44 0 0 -1
876 1 471 418 74 40 0 0 -1
876 2 1307 425 74 42 0 0 -1
877 1 471 418 74 40 0 0 -1
877 2 1306 414 76 43 0 0 -1
878 1 476 423 74 40 0 0 -1
878 2 1309 406 73 43 0 0 -1
879 1 481 428 74 40 0 0 -1
879 2 1315 398 74 42 0 0 -1
880 1 491 433 74 40 0 0 -1
880 2 1311 393 72 40 0 0 -1
881 1 491 443 74 40 0 0 -1
881 2 1314 387 72 38 0 0 -1
882 1 501 443 74 40 0 0 -1
882 2 1317 377 73 42 0 0 -1
883 1 501 443 74 40 0 0 -1
883 2 1313 369 72 46 0 0 -1
884 1 506 453 74 40 0 0 -1
884 2 1318 366 69 44 0 0 -1
885 1 516 458 74 40 0 0 -1
885 2 1321 365 64 39 0 0 -1
886 1 521 463 74 40 0 0 -1
886 2 1318 353 72 47 0 0 -1
887 1 526 468 74 40 0 0 -1
887 2 1314 349 81 45 0 0 -1
888 1 536 473 74 40 0 0 -1
888 2 1318 347 77 46 0 0 -1
889 1 536 473 74 40 0 0 -1
889 2 1313 343 83 46 0 0 -1
890 1 541 483 74 40 0 0 -1
890 2 1317 340 79 47 0 0 -1
891 1 546 488 74 40 0 0 -1
891 2 1315 339 81 48 0 0 -1
892 1 556 488 74 40 0 0 -1
892 2 1317 338 81 47 0 0 -1
893 1 566 493 74 40 0 0 -1
893 2 1315 336 85 45 0 0 -1
894 1 576 498 74 40 0 0 -1
894 2 1319 338 77 43 0 0 -1
895 1 576 498 74 40 0 0 -1
895 2 1314 335 85 43 0 0 -1
896 1 581 503 74 40 0 0 -1
896 2 1321 334 78 43 0 0 -1
897 1 586 513 74 40 0 0 -1
897 2 1319 335 81 42 0 0 -1
898 1 596 513 74 40 0 0 -1
898 2 1318 335 81 43 0 0 -1
899 1 601 523 74 40 0 0 -1
899 2 1318 335 84 42 0 0 -1
900 1 606 528 74 40 0 0 -1
900 2 1318 334 82 44 0 0 -1
901 1 606 528 74 40 0 0 -1
901 2 1323 335 79 45 0 0 -1
902 1 616 533 74 40 0 0 -1
902 2 1323 335 77 42 0 0 -1
903 1 621 538 74 40 0 0 -1
903 2 1322 332 81 45 0 0 -1
904 1 626 543 74 40 0 0 -1
904 2 1326 335 78 46 0 0 -1
905 1 631 543 74 40 0 0 -1
905 2 1318 335 81 45 0 0 -1
906 1 646 548 74 40 0 0 -1
906 2 1322 332 77 48 0 0 -1
907 1 646 548 74 40 0 0 -1
907 2 1319 334 79 44 0 0 -1
908 1 651 548 74 40 0 0 -1
908 2 1321 332 78 48 0 0 -1
909 1 656 553 74 40 0 0 -1
909 2 1321 332 78 51 0 0 -1
910 1 661 553 74 40 0 0 -1
910 2 1315 334 81 46 0 0 -1
911 1 671 555 74 40 0 0 -1
911 2 1318 335 76 43 0 0 -1
912 1 675 558 74 40 0 0 -1
912 2 1311 335 84 48 0 0 -1
913 1 675 558 74 40 0 0 -1
913 2 1311 332 84 49 0 0 -1
914 1 685 563 74 40 0 0 -1
914 2 1307 336 83 47 0 0 -1
915 1 695 563 74 40 0 0 -1
915 2 1306 338 83 43 0 0 -1
916 1 700 568 74 40 0 0 -1
916 2 1302 336 85 46 0 0 -1
917 1 705 568 74 40 0 0 -1
917 2 1296 338 89 43 0 0 -1
918 1 710 568 74 40 0 0 -1
918 2 1297 339 84 43 0 0 -1
919 1 710 568 74 40 0 0 -1
919 2 1294 335 84 46 0 0 -1
920 1 715 568 74 40 0 0 -1
920 2 1291 336 78 47 0 0 -1
921 1 725 568 74 40 0 0 -1
921 2 1288 335 81 51 0 0 -1
922 1 730 568 74 40 0 0 -1
922 2 1285 338 79 45 0 0 -1
923 1 740 568 74 40 0 0 -1
923 2 1277 338 81 44 0 0 -1
924 1 745 568 74 40 0 0 -1
924 2 1275 338 82 45 0 0 -1
925 1 745 573 74 40 0 0 -1
925 2 1272 338 73 44 0 0 -1
926 1 750 568 74 40 0 0 -1
926 2 1270 342 71 43 0 0 -1
927 1 760 568 74 40 0 0 -1
927 2 1260 338 79 47 0 0 -1
928 1 765 568 74 40 0 0 -1
928 2 1259 336 75 45 0 0 -1
929 1 775 568 74 40 0 0 -1
929 2 1256 335 74 46 0 0 -1
930 1 780 568 74 40 0 0 -1
930 2 1254 336 72 45 0 0 -1
931 1 780 568 74 40 0 0 -1
931 2 1242 339 79 46 0 0 -1
932 1 790 573 74 40 0 0 -1
932 2 1241 336 78 46 0 0 -1
933 1 795 573 74 40 0 0 -1
933 2 1237 339 72 44 0 0 -1
934 1 805 568 74 40 0 0 -1
934 2 1232 336 72 45 0 0 -1
935 1 810 573 74 40 0 0 -1
935 2 1220 336 86 45 0 0 -1
936 1 815 572 79 36 0 0 -1
936 2 1216 338 78 39 0 0 -1
937 1 815 572 79 36 0 0 -1
937 2 1209 336 83 44 0 0 -1
938 1 825 572 79 36 0 0 -1
938 2 1208 338 76 40 0 0 -1
939 1 830 567 79 36 0 0 -1
939 2 1202 339 69 41 0 0 -1
940 1 840 562 79 36 0 0 -1
940 2 1192 338 80 38 0 0 -1
941 1 845 562 79 36 0 0 -1
941 2 1191 339 75 39 0 0 -1
942 1 855 557 79 36 0 0 -1
942 2 1185 340 77 38 0 0 -1
943 1 855 557 79 36 0 0 -1
943 2 1179 342 76 36 0 0 -1
944 1 860 552 79 36 0 0 -1
944 2 1177 343 73 34 0 0 -1
945 1 870 547 79 36 0 0 -1
945 2 1168 339 82 39 0 0 -1
946 1 875 547 79 36 0 0 -1
946 2 1166 343 73 34 0 0 -1
947 1 885 542 79 36 0 0 -1
947 2 1161 340 75 37 0 0 -1
948 1 895 542 79 36 0 0 -1
948 2 1155 336 77 42 0 0 -1
949 1 895 542 79 36 0 0 -1
949 2 1151 335 78 41 0 0 -1
950 1 905 542 79 36 0 0 -1
950 2 1149 336 76 41 0 0 -1
951 1 910 537 79 36 0 0 -1
951 2 1148 332 73 42 0 0 -1
952 1 920 537 79 36 0 0 -1
952 2 1145 331 78 39 0 0 -1
953 1 925 532 79 36 0 0 -1
953 2 1140 331 81 37 0 0 -1
954 1 930 532 79 36 0 0 -1
954 2 1144 329 73 37 0 0 -1
955 1 935 532 79 36 0 0 -1
955 2 1139 323 80 38 0 0 -1
956 1 940 532 79 36 0 0 -1
956 2 1136 321 81 42 0 0 -1
957 1 945 527 79 36 0 0 -1
957 2 1140 319 81 38 0 0 -1
958 1 955 527 79 36 0 0 -1
958 2 1138 317 79 36 0 0 -1
959 1 960 522 79 36 0 0 -1
959 2 1134 313 81 36 0 0 -1
960 1 965 512 79 36 0 0 -1
960 2 1138 310 78 38 0 0 -1
961 1 970 507 79 36 0 0 -1
961 2 1144 308 76 34 0 0 -1
962 1 970 507 79 36 0 0 -1
962 2 1144 300 76 39 0 0 -1
963 1 975 497 79 36 0 0 -1
963 2 1148 293 71 43 0 0 -1
964 1 983 497 79 36 0 0 -1
964 2 1140 291 83 38 0 0 -1
965 1 983 487 79 36 0 0 -1
965 2 1143 283 83 43 0 0 -1
966 1 988 482 79 36 0 0 -1
966 2 1141 275 87 48 0 0 -1
967 1 988 472 79 36 0 0 -1
967 2 1140 268 88 50 0 0 -1
968 1 993 472 79 36 0 0 -1
968 2 1141 266 85 48 0 0 -1
969 1 993 472 79 36 0 0 -1
969 2 1140 262 88 52 0 0 -1
970 1 998 462 79 36 0 0 -1
970 2 1147 258 86 59 0 0 -1
971 1 1003 457 79 36 0 0 -1
971 2 1149 258 81 55 0 0 -1
972 1 1003 452 79 36 0 0 -1
972 2 1148 257 85 60 0 0 -1
973 1 1008 452 79 36 0 0 -1
973 2 1145 258 89 56 0 0 -1
974 1 1008 452 79 36 0 0 -1
974 2 1145 259 96 56 0 0 -1
975 1 1008 442 79 36 0 0 -1
975 2 1147 261 92 60 0 0 -1
976 1 1013 442 79 36 0 0 -1
976 2 1147 266 90 56 0 0 -1
977 1 1013 437 79 36 0 0 -1
977 2 1149 271 92 56 0 0 -1
978 1 1018 432 79 36 0 0 -1
978 2 1147 278 93 54 0 0 -1
979 1 1018 432 79 36 0 0 -1
979 2 1149 278 93 60 0 0 -1
980 1 1018 427 79 36 0 0 -1
980 2 1149 289 96 54 0 0 -1
981 1 1018 422 79 36 0 0 -1
981 2 1151 293 94 56 0 0 -1
982 1 1018 417 79 36 0 0 -1
982 2 1151 300 96 57 0 0 -1
983 1 1023 412 79 36 0 0 -1
983 2 1155 310 90 53 0 0 -1
984 1 1023 407 79 36 0 0 -1
984 2 1156 313 93 56 0 0 -1
985 1 1028 402 79 36 0 0 -1
985 2 1152 323 101 51 0 0 -1
986 1 1028 402 79 36 0 0 -1
986 2 1152 327 97 58 0 0 -1
987 1 1028 397 79 36 0 0 -1
987 2 1156 336 94 55 0 0 -1
988 1 1028 392 79 36 0 0 -1
988 2 1156 340 93 54 0 0 -1
989 1 1028 387 79 36 0 0 -1
989 2 1153 346 98 53 0 0 -1
990 1 1028 382 79 36 0 0 -1
990 2 1157 351 96 53 0 0 -1
991 1 1028 377 79 36 0 0 -1
991 2 1153 355 100 51 0 0 -1
992 1 1028 377 79 36 0 0 -1
992 2 1155 356 98 50 0 0 -1
993 1 1023 372 79 36 0 0 -1
993 2 1153 357 103 55 0 0 -1
994 1 1023 367 79 36 0 0 -1
994 2 1156 361 100 50 0 0 -1
995 1 1018 357 79 36 0 0 -1
995 2 1153 363 100 52 0 0 -1
996 1 1013 352 79 36 0 0 -1
996 2 1157 363 96 52 0 0 -1
997 1 1008 347 79 36 0 0 -1
997 2 1156 363 95 49 0 0 -1
998 1 1008 347 79 36 0 0 -1
998 2 1152 365 101 47 0 0 -1
999 1 1003 342 79 36 0 0 -1
999 2 1152 365 99 52 0 0 -1
1000 1 998 342 79 36 0 0 -1
1000 2 1157 361 93 53 0 0 -1
1001 1 993 337 79 36 0 0 -1
1001 2 1153 360 96 57 0 0 -1
1002 1 993 332 79 36 0 0 -1
1002 2 1153 359 96 58 0 0 -1
1003 1 988 332 79 36 0 0 -1
1003 2 1151 357 95 61 0 0 -1
1004 1 988 332 79 36 0 0 -1
1004 2 1148 356 98 61 0 0 -1
1005 1 988 327 79 36 0 0 -1
1005 2 1148 361 95 56 0 0 -1
1006 1 983 327 79 36 0 0 -1
1006 2 1148 363 93 56 0 0 -1
1007 1 983 322 79 36 0 0 -1
1007 2 1147 364 96 53 0 0 -1
1008 1 978 322 79 36 0 0 -1
1008 2 1145 369 94 51 0 0 -1
1009 1 978 317 79 36 0 0 -1
1009 2 1143 370 96 53 0 0 -1
1010 1 978 317 79 36 0 0 -1
1010 2 1139 374 98 47 0 0 -1
1011 1 978 317 79 36 0 0 -1
1011 2 1141 376 92 44 0 0 -1
1012 1 978 317 79 36 0 0 -1
1012 2 1136 377 96 43 0 0 -1
1013 1 978 317 79 36 0 0 -1
1013 2 1141 380 91 39 0 0 -1
1014 1 978 317 79 36 0 0 -1
1014 2 1138 380 88 41 0 0 -1
1015 1 978 322 79 36 0 0 -1
1015 2 1132 378 91 45 0 0 -1
1016 1 978 322 79 36 0 0 -1
1016 2 1135 376 89 47 0 0 -1
1017 1 978 332 79 36 0 0 -1
1017 2 1132 380 91 40 0 0 -1
1018 1 978 342 79 36 0 0 -1
1018 2 1132 378 88 50 0 0 -1
1019 1 978 352 79 36 0 0 -1
1019 2 1131 377 88 52 0 0 -1
1020 1 973 362 79 36 0 0 -1
1020 2 1124 378 89 49 0 0 -1
1021 1 973 367 79 36 0 0 -1
1021 2 1126 376 85 53 0 0 -1
1022 1 973 367 79 36 0 0 -1
1022 2 1121 376 87 56 0 0 -1
1023 1 973 367 79 36 0 0 -1
1023 2 1119 377 87 59 0 0 -1
1024 1 973 372 79 36 0 0 -1
1024 2 1121 380 75 53 0 0 -1
1025 1 963 377 79 36 0 0 -1
1025 2 1118 381 72 53 0 0 -1
1026 1 963 387 79 36 0 0 -1
1026 2 1114 385 65 49 0 0 -1
1027 1 963 397 79 36 0 0 -1
1027 2 1113 385 62 51 0 0 -1
1028 1 963 397 79 36 0 0 -1
1028 2 1093 390 73 54 0 0 -1
1029 1 963 412 79 36 0 0 -1
1029 2 1092 391 72 50 0 0 -1
1030 1 953 427 79 36 0 0 -1
1030 2 1088 393 67 44 0 0 -1
1031 1 953 437 79 36 0 0 -1
1031 2 1080 397 68 44 0 0 -1
1032 1 948 442 79 36 0 0 -1
1032 2 1067 397 73 44 0 0 -1
1033 1 943 447 79 36 0 0 -1
1033 2 1064 395 70 53 0 0 -1
1034 1 943 447 79 36 0 0 -1
1034 2 1055 397 69 52 0 0 -1
1035 1 943 447 79 36 0 0 -1
1035 2 1034 395 79 55 0 0 -1
1036 1 943 452 79 36 0 0 -1
1036 2 1022 400 79 51 0 0 -1
1037 1 943 452 79 36 0 0 -1
1037 2 1016 403 81 50 0 0 -1
1038 1 943 457 79 36 0 0 -1
1038 2 1005 400 80 54 0 0 -1
1039 1 943 457 79 36 0 0 -1
1039 2 998 403 70 50 0 0 -1
1040 1 943 457 79 36 0 0 -1
1040 2 986 404 72 51 0 0 -1
1041 1 943 457 79 36 0 0 -1
1041 2 968 406 78 52 0 0 -1
1042 1 943 457 79 36 0 0 -1
1042 2 958 406 83 52 0 0 -1
1043 1 943 457 79 36 0 0 -1
1043 2 948 412 76 46 0 0 -1
1044 1 943 462 79 36 0 0 -1
1044 2 931 412 80 49 0 0 -1
1045 1 943 462 79 36 0 0 -1
1045 2 919 412 79 51 0 0 -1
1046 1 943 462 79 36 0 0 -1
1046 2 906 416 85 45 0 0 -1
1047 1 943 462 79 36 0 0 -1
1047 2 894 417 84 44 0 0 -1
1048 1 948 462 79 36 0 0 -1
1048 2 886 416 78 45 0 0 -1
1049 1 948 462 79 36 0 0 -1
1049 2 869 417 82 48 0 0 -1
1050 1 948 467 79 36 0 0 -1
1050 2 859 419 85 43 0 0 -1
