1 1 929 559 243 142 0 0 -1
1 2 871 401 50 44 0 0 -1
2 1 932 556 243 147 0 0 -1
2 2 871 401 50 44 0 0 -1
3 1 927 558 242 146 0 0 -1
3 2 871 401 50 44 0 0 -1
4 1 926 559 241 141 0 0 -1
4 2 873 406 50 44 0 0 -1
5 1 921 561 239 140 0 0 -1
5 2 872 405 52 44 0 0 -1
6 1 924 558 230 140 0 0 -1
6 2 873 405 55 45 0 0 -1
7 1 916 560 230 140 0 0 -1
7 2 873 405 55 45 0 0 -1
8 1 918 560 230 140 0 0 -1
8 2 875 408 55 45 0 0 -1
9 1 910 560 230 140 0 0 -1
9 2 876 408 55 45 0 0 -1
10 1 906 562 230 133 0 0 -1
10 2 878 408 55 45 0 0 -1
11 1 905 558 225 133 0 0 -1
11 2 878 408 55 45 0 0 -1
12 1 899 558 224 133 0 0 -1
12 2 882 405 55 45 0 0 -1
13 1 896 558 218 127 0 0 -1
13 2 883 405 55 45 0 0 -1
14 1 896 561 222 125 0 0 -1
14 2 885 405 55 45 0 0 -1
15 1 890 561 222 125 0 0 -1
15 2 888 406 55 45 0 0 -1
16 1 888 559 216 125 0 0 -1
16 2 889 408 55 45 0 0 -1
17 1 886 552 216 125 0 0 -1
17 2 893 407 55 45 0 0 -1
18 1 886 554 211 122 0 0 -1
18 2 895 405 55 45 0 0 -1
19 1 886 552 211 122 0 0 -1
19 2 898 404 55 45 0 0 -1
20 1 881 551 211 122 0 0 -1
20 2 901 401 56 45 0 0 -1
21 1 881 549 211 120 0 0 -1
21 2 901 401 56 45 0 0 -1
22 1 881 549 211 120 0 0 -1
22 2 906 401 56 45 0 0 -1
23 1 885 544 207 122 0 0 -1
23 2 906 401 56 45 0 0 -1
24 1 891 544 201 116 0 0 -1
24 2 910 401 56 45 0 0 -1
25 1 897 544 200 116 0 0 -1
25 2 911 397 56 45 0 0 -1
26 1 897 544 200 116 0 0 -1
26 2 913 397 56 45 0 0 -1
27 1 902 544 200 116 0 0 -1
27 2 913 397 56 45 0 0 -1
28 1 907 544 200 116 0 0 -1
28 2 913 397 56 45 0 0 -1
29 1 912 539 200 116 0 0 -1
29 2 913 394 56 45 0 0 -1
30 1 922 539 196 116 0 0 -1
30 2 913 394 56 45 0 0 -1
31 1 927 539 196 116 0 0 -1
31 2 917 390 58 45 0 0 -1
32 1 927 539 196 116 0 0 -1
32 2 917 390 58 45 0 0 -1
33 1 937 539 191 110 0 0 -1
33 2 915 390 60 45 0 0 -1
34 1 942 539 191 110 0 0 -1
34 2 918 385 58 45 0 0 -1
35 1 942 539 191 110 0 0 -1
35 2 918 385 58 45 0 0 -1
36 1 947 544 191 105 0 0 -1
36 2 918 385 58 45 0 0 -1
37 1 947 549 191 105 0 0 -1
37 2 917 381 58 45 0 0 -1
38 1 950 549 183 105 0 0 -1
38 2 918 380 58 45 0 0 -1
39 1 950 555 183 99 0 0 -1
39 2 915 377 60 47 0 0 -1
40 1 950 560 183 102 0 0 -1
40 2 915 377 60 47 0 0 -1
41 1 950 560 183 99 0 0 -1
41 2 915 377 60 47 0 0 -1
42 1 950 565 181 99 0 0 -1
42 2 912 374 60 47 0 0 -1
43 1 950 570 181 99 0 0 -1
43 2 912 374 60 47 0 0 -1
44 1 950 570 181 99 0 0 -1
44 2 908 372 60 47 0 0 -1
45 1 950 575 181 99 0 0 -1
45 2 905 371 60 47 0 0 -1
46 1 945 575 181 99 0 0 -1
46 2 903 369 60 47 0 0 -1
47 1 940 580 181 99 0 0 -1
47 2 903 368 60 47 0 0 -1
48 1 940 585 181 99 0 0 -1
48 2 899 364 65 49 0 0 -1
49 1 940 585 181 99 0 0 -1
49 2 899 360 64 51 0 0 -1
50 1 940 585 181 99 0 0 -1
50 2 899 360 64 51 0 0 -1
51 1 940 585 181 99 0 0 -1
51 2 896 358 64 51 0 0 -1
52 1 940 585 181 99 0 0 -1
52 2 891 354 68 52 0 0 -1
53 1 940 580 181 99 0 0 -1
53 2 891 354 68 52 0 0 -1
54 1 940 580 181 99 0 0 -1
54 2 887 351 68 52 0 0 -1
55 1 940 580 181 99 0 0 -1
55 2 885 347 68 52 0 0 -1
56 1 940 580 181 99 0 0 -1
56 2 885 343 68 52 0 0 -1
57 1 935 580 181 99 0 0 -1
57 2 880 341 68 52 0 0 -1
58 1 935 575 181 99 0 0 -1
58 2 879 337 68 52 0 0 -1
59 1 930 570 181 99 0 0 -1
59 2 876 335 68 52 0 0 -1
60 1 930 570 181 99 0 0 -1
60 2 873 330 68 57 0 0 -1
61 1 926 565 185 99 0 0 -1
61 2 873 330 68 57 0 0 -1
62 1 926 565 185 99 0 0 -1
62 2 868 330 68 57 0 0 -1
63 1 921 557 190 107 0 0 -1
63 2 864 330 68 57 0 0 -1
64 1 916 552 190 107 0 0 -1
64 2 860 330 68 57 0 0 -1
65 1 911 547 190 107 0 0 -1
65 2 855 328 69 57 0 0 -1
66 1 896 542 190 107 0 0 -1
66 2 850 327 72 57 0 0 -1
67 1 886 537 190 107 0 0 -1
67 2 846 327 72 57 0 0 -1
68 1 881 537 195 107 0 0 -1
68 2 837 331 72 57 0 0 -1
69 1 871 532 195 107 0 0 -1
69 2 837 332 72 57 0 0 -1
70 1 856 532 195 107 0 0 -1
70 2 828 331 76 60 0 0 -1
71 1 846 527 195 107 0 0 -1
71 2 823 332 76 60 0 0 -1
72 1 825 522 206 107 0 0 -1
72 2 819 331 76 60 0 0 -1
73 1 815 517 206 107 0 0 -1
73 2 813 333 76 60 0 0 -1
74 1 815 517 206 107 0 0 -1
74 2 809 334 76 60 0 0 -1
75 1 799 505 217 114 0 0 -1
75 2 805 334 76 60 0 0 -1
76 1 789 500 217 114 0 0 -1
76 2 797 331 76 60 0 0 -1
77 1 779 484 217 125 0 0 -1
77 2 790 337 76 60 0 0 -1
78 1 774 479 217 125 0 0 -1
78 2 787 334 76 60 0 0 -1
79 1 764 484 217 125 0 0 -1
79 2 780 332 80 65 0 0 -1
80 1 764 484 217 125 0 0 -1
80 2 773 332 80 65 0 0 -1
81 1 756 504 220 125 0 0 -1
81 2 768 333 80 65 0 0 -1
82 1 751 514 220 125 0 0 -1
82 2 757 334 80 65 0 0 -1
83 1 732 519 239 134 0 0 -1
83 2 753 335 80 65 0 0 -1
84 1 727 519 239 134 0 0 -1
84 2 747 334 80 65 0 0 -1
85 1 729 519 242 134 0 0 -1
85 2 740 336 80 65 0 0 -1
86 1 729 519 242 134 0 0 -1
86 2 737 334 81 65 0 0 -1
87 1 739 529 242 134 0 0 -1
87 2 730 338 80 65 0 0 -1
88 1 749 534 248 139 0 0 -1
88 2 721 339 82 65 0 0 -1
89 1 759 539 261 139 0 0 -1
89 2 717 339 84 65 0 0 -1
90 1 774 579 273 154 0 0 -1
90 2 707 344 85 65 0 0 -1
91 1 779 664 273 154 0 0 -1
91 2 703 341 84 70 0 0 -1
92 1 779 664 273 154 0 0 -1
92 2 695 342 88 70 0 0 -1
93 1 799 683 258 145 0 0 -1
93 2 692 342 88 70 0 0 -1
94 1 804 688 266 145 0 0 -1
94 2 683 344 88 70 0 0 -1
95 1 814 693 280 150 0 0 -1
95 2 676 347 88 70 0 0 -1
96 1 829 698 280 150 0 0 -1
96 2 671 350 88 70 0 0 -1
97 1 839 703 280 150 0 0 -1
97 2 667 351 88 70 0 0 -1
98 1 839 703 280 150 0 0 -1
98 2 663 349 88 70 0 0 -1
99 1 854 701 280 157 0 0 -1
99 2 654 349 92 72 0 0 -1
100 1 869 706 280 157 0 0 -1
100 2 651 349 92 72 0 0 -1
101 1 874 706 280 157 0 0 -1
101 2 645 349 92 72 0 0 -1
102 1 889 706 280 157 0 0 -1
102 2 641 351 92 72 0 0 -1
103 1 904 706 280 157 0 0 -1
103 2 635 350 92 72 0 0 -1
104 1 904 706 280 157 0 0 -1
104 2 631 353 92 72 0 0 -1
105 1 919 706 280 157 0 0 -1
105 2 628 351 92 72 0 0 -1
106 1 924 702 280 151 0 0 -1
106 2 623 353 92 72 0 0 -1
107 1 929 702 280 151 0 0 -1
107 2 619 352 92 72 0 0 -1
108 1 944 698 273 149 0 0 -1
108 2 613 350 94 75 0 0 -1
109 1 959 691 273 156 0 0 -1
109 2 613 350 94 75 0 0 -1
110 1 959 693 273 149 0 0 -1
110 2 607 350 94 75 0 0 -1
111 1 969 688 273 149 0 0 -1
111 2 603 350 94 75 0 0 -1
112 1 974 688 273 149 0 0 -1
112 2 598 349 98 75 0 0 -1
113 1 979 693 273 149 0 0 -1
113 2 596 349 98 75 0 0 -1
114 1 989 691 267 146 0 0 -1
114 2 593 349 103 78 0 0 -1
115 1 1004 691 262 142 0 0 -1
115 2 588 349 101 77 0 0 -1
116 1 1004 691 262 142 0 0 -1
116 2 583 349 106 81 0 0 -1
117 1 1014 691 262 142 0 0 -1
117 2 583 349 106 81 0 0 -1
118 1 1019 691 262 142 0 0 -1
118 2 583 349 106 81 0 0 -1
119 1 1026 696 255 137 0 0 -1
119 2 577 349 106 81 0 0 -1
120 1 1031 696 255 137 0 0 -1
120 2 579 349 106 81 0 0 -1
121 1 1036 696 255 137 0 0 -1
121 2 576 345 106 81 0 0 -1
122 1 1036 696 255 137 0 0 -1
122 2 578 345 106 81 0 0 -1
123 1 1041 696 255 137 0 0 -1
123 2 578 338 106 85 0 0 -1
124 1 1051 701 245 137 0 0 -1
124 2 578 338 106 85 0 0 -1
125 1 1066 696 245 137 0 0 -1
125 2 578 338 106 85 0 0 -1
126 1 1081 696 245 137 0 0 -1
126 2 578 334 109 89 0 0 -1
127 1 1085 699 245 137 0 0 -1
127 2 578 334 109 89 0 0 -1
128 1 1085 699 245 137 0 0 -1
128 2 578 329 109 89 0 0 -1
129 1 1085 699 245 137 0 0 -1
129 2 578 326 117 89 0 0 -1
130 1 1090 694 245 137 0 0 -1
130 2 578 326 117 89 0 0 -1
131 1 1095 684 245 137 0 0 -1
131 2 582 326 117 89 0 0 -1
132 1 1095 645 244 131 0 0 -1
132 2 583 321 117 89 0 0 -1
133 1 1095 595 244 131 0 0 -1
133 2 582 320 117 89 0 0 -1
134 1 1095 600 244 128 0 0 -1
134 2 586 320 117 89 0 0 -1
135 1 1095 545 244 128 0 0 -1
135 2 587 317 117 89 0 0 -1
136 1 1095 490 244 128 0 0 -1
136 2 586 314 123 95 0 0 -1
137 1 1100 450 232 128 0 0 -1
137 2 586 314 123 95 0 0 -1
138 1 1085 425 232 128 0 0 -1
138 2 586 314 123 95 0 0 -1
139 1 1060 405 232 128 0 0 -1
139 2 586 314 123 95 0 0 -1
140 1 1066 405 226 128 0 0 -1
140 2 586 314 123 95 0 0 -1
141 1 1026 380 226 128 0 0 -1
141 2 586 314 124 98 0 0 -1
142 1 990 357 226 128 0 0 -1
142 2 586 314 124 98 0 0 -1
143 1 939 348 222 127 0 0 -1
143 2 583 314 127 102 0 0 -1
144 1 885 344 222 127 0 0 -1
144 2 583 314 127 102 0 0 -1
145 1 835 341 222 127 0 0 -1
145 2 576 313 131 106 0 0 -1
146 1 837 345 222 125 0 0 -1
146 2 576 317 131 106 0 0 -1
147 1 793 347 222 125 0 0 -1
147 2 571 322 131 106 0 0 -1
148 1 748 373 222 125 0 0 -1
148 2 568 321 131 106 0 0 -1
149 1 715 401 222 125 0 0 -1
149 2 563 321 134 109 0 0 -1
150 1 696 423 216 125 0 0 -1
150 2 563 323 134 109 0 0 -1
151 1 673 443 213 125 0 0 -1
151 2 556 328 134 109 0 0 -1
152 1 673 443 213 125 0 0 -1
152 2 555 332 134 109 0 0 -1
153 1 657 475 213 125 0 0 -1
153 2 552 334 139 112 0 0 -1
154 1 644 503 213 120 0 0 -1
154 2 548 338 139 112 0 0 -1
155 1 634 523 213 120 0 0 -1
155 2 545 344 139 112 0 0 -1
156 1 624 533 213 120 0 0 -1
156 2 542 348 139 112 0 0 -1
157 1 619 548 213 120 0 0 -1
157 2 533 355 146 112 0 0 -1
158 1 619 558 213 120 0 0 -1
158 2 535 359 145 112 0 0 -1
159 1 619 558 213 120 0 0 -1
159 2 530 362 145 114 0 0 -1
160 1 644 563 213 120 0 0 -1
160 2 525 367 151 114 0 0 -1
161 1 679 563 213 120 0 0 -1
161 2 521 375 151 114 0 0 -1
162 1 714 558 213 120 0 0 -1
162 2 517 379 151 114 0 0 -1
163 1 749 558 213 120 0 0 -1
163 2 511 381 153 119 0 0 -1
164 1 779 558 213 120 0 0 -1
164 2 511 390 151 114 0 0 -1
165 1 783 558 204 120 0 0 -1
165 2 504 391 151 121 0 0 -1
166 1 799 558 213 120 0 0 -1
166 2 504 395 151 121 0 0 -1
167 1 828 558 204 120 0 0 -1
167 2 498 400 154 121 0 0 -1
168 1 843 558 204 120 0 0 -1
168 2 490 406 159 121 0 0 -1
169 1 853 558 204 120 0 0 -1
169 2 487 412 159 121 0 0 -1
170 1 863 558 199 103 0 0 -1
170 2 481 416 159 121 0 0 -1
171 1 863 558 196 103 0 0 -1
171 2 476 418 159 121 0 0 -1
172 1 868 558 196 103 0 0 -1
172 2 472 425 159 121 0 0 -1
173 1 863 558 197 101 0 0 -1
173 2 471 431 159 121 0 0 -1
174 1 866 558 192 97 0 0 -1
174 2 466 435 162 121 0 0 -1
175 1 866 553 185 100 0 0 -1
175 2 464 444 161 121 0 0 -1
176 1 861 553 185 94 0 0 -1
176 2 459 452 163 121 0 0 -1
177 1 861 553 185 91 0 0 -1
177 2 458 459 162 121 0 0 -1
178 1 850 543 183 97 0 0 -1
178 2 455 464 162 121 0 0 -1
179 1 842 541 183 88 0 0 -1
179 2 454 471 162 121 0 0 -1
180 1 837 541 183 88 0 0 -1
180 2 456 477 162 121 0 0 -1
181 1 827 536 183 88 0 0 -1
181 2 452 484 168 121 0 0 -1
182 1 822 531 178 88 0 0 -1
182 2 452 489 168 121 0 0 -1
183 1 822 531 178 88 0 0 -1
183 2 452 493 168 121 0 0 -1
184 1 807 531 178 88 0 0 -1
184 2 452 503 168 121 0 0 -1
185 1 797 526 178 88 0 0 -1
185 2 452 507 168 121 0 0 -1
186 1 787 521 178 88 0 0 -1
186 2 450 514 168 121 0 0 -1
187 1 777 516 178 88 0 0 -1
187 2 451 521 173 121 0 0 -1
188 1 767 506 178 88 0 0 -1
188 2 453 528 177 121 0 0 -1
189 1 767 511 178 88 0 0 -1
189 2 451 533 177 121 0 0 -1
190 1 762 511 178 88 0 0 -1
190 2 453 537 177 121 0 0 -1
191 1 762 511 178 88 0 0 -1
191 2 456 543 177 121 0 0 -1
192 1 757 516 178 88 0 0 -1
192 2 459 550 177 121 0 0 -1
193 1 752 541 178 88 0 0 -1
193 2 460 554 177 121 0 0 -1
194 1 762 551 178 88 0 0 -1
194 2 462 557 177 121 0 0 -1
195 1 762 551 178 88 0 0 -1
195 2 465 559 177 121 0 0 -1
196 1 777 566 178 88 0 0 -1
196 2 466 565 182 121 0 0 -1
197 1 792 581 178 88 0 0 -1
197 2 470 569 182 121 0 0 -1
198 1 807 591 178 88 0 0 -1
198 2 470 572 182 121 0 0 -1
199 1 832 601 178 88 0 0 -1
199 2 473 574 182 121 0 0 -1
200 1 842 606 178 88 0 0 -1
200 2 473 579 188 117 0 0 -1
