1 1 929 559 243 142 0 0 -1
1 2 1148 145 81 82 0 0 -1
2 1 932 556 243 147 0 0 -1
2 2 1151 148 79 77 0 0 -1
3 1 927 558 242 146 0 0 -1
3 2 1149 162 79 75 0 0 -1
4 1 926 559 241 141 0 0 -1
4 2 1148 161 78 75 0 0 -1
5 1 921 561 239 140 0 0 -1
5 2 1144 172 85 78 0 0 -1
6 1 924 558 230 140 0 0 -1
6 2 1145 172 80 77 0 0 -1
7 1 916 560 230 140 0 0 -1
7 2 1144 185 81 76 0 0 -1
8 1 918 560 230 140 0 0 -1
8 2 1144 186 80 72 0 0 -1
9 1 910 560 230 140 0 0 -1
9 2 1144 204 77 66 0 0 -1
10 1 906 562 230 133 0 0 -1
10 2 1145 204 75 67 0 0 -1
11 1 905 558 225 133 0 0 -1
11 2 1145 217 70 62 0 0 -1
12 1 899 558 224 133 0 0 -1
12 2 1148 223 71 53 0 0 -1
13 1 896 558 218 127 0 0 -1
13 2 1144 238 73 50 0 0 -1
14 1 896 561 222 125 0 0 -1
14 2 1147 238 69 50 0 0 -1
15 1 890 561 222 125 0 0 -1
15 2 1144 250 69 48 0 0 -1
16 1 888 559 216 125 0 0 -1
16 2 1143 249 76 52 0 0 -1
17 1 886 552 216 125 0 0 -1
17 2 1141 255 70 50 0 0 -1
18 1 886 554 211 122 0 0 -1
18 2 1144 259 64 47 0 0 -1
19 1 886 552 211 122 0 0 -1
19 2 1141 267 63 43 0 0 -1
20 1 881 551 211 122 0 0 -1
20 2 1141 264 65 46 0 0 -1
21 1 881 549 211 120 0 0 -1
21 2 1138 272 68 43 0 0 -1
22 1 881 549 211 120 0 0 -1
22 2 1139 272 70 42 0 0 -1
23 1 885 544 207 122 0 0 -1
23 2 1135 279 72 43 0 0 -1
24 1 891 544 201 116 0 0 -1
24 2 1136 274 64 49 0 0 -1
25 1 897 544 200 116 0 0 -1
25 2 1134 278 61 53 0 0 -1
26 1 897 544 200 116 0 0 -1
26 2 1135 275 61 55 0 0 -1
27 1 902 544 200 116 0 0 -1
27 2 1134 276 55 60 0 0 -1
28 1 907 544 200 116 0 0 -1
28 2 1134 279 58 59 0 0 -1
29 1 912 539 200 116 0 0 -1
29 2 1123 280 62 63 0 0 -1
30 1 922 539 196 116 0 0 -1
30 2 1126 281 57 61 0 0 -1
31 1 927 539 196 116 0 0 -1
31 2 1106 287 67 64 0 0 -1
32 1 927 539 196 116 0 0 -1
32 2 1102 289 66 62 0 0 -1
33 1 937 539 191 110 0 0 -1
33 2 1090 293 68 62 0 0 -1
34 1 942 539 191 110 0 0 -1
34 2 1097 297 55 58 0 0 -1
35 1 942 539 191 110 0 0 -1
35 2 1085 306 59 46 0 0 -1
36 1 947 544 191 105 0 0 -1
36 2 1081 306 63 45 0 0 -1
37 1 947 549 191 105 0 0 -1
37 2 1062 312 65 45 0 0 -1
38 1 950 549 183 105 0 0 -1
38 2 1059 310 72 49 0 0 -1
39 1 950 555 183 99 0 0 -1
39 2 1043 309 70 59 0 0 -1
40 1 950 560 183 102 0 0 -1
40 2 1041 309 72 57 0 0 -1
41 1 950 560 183 99 0 0 -1
41 2 1017 314 66 56 0 0 -1
42 1 950 565 181 99 0 0 -1
42 2 1019 314 62 54 0 0 -1
43 1 950 570 181 99 0 0 -1
43 2 994 321 65 52 0 0 -1
44 1 950 570 181 99 0 0 -1
44 2 988 318 75 55 0 0 -1
45 1 950 575 181 99 0 0 -1
45 2 964 317 66 56 0 0 -1
46 1 945 575 181 99 0 0 -1
46 2 964 323 66 54 0 0 -1
47 1 940 580 181 99 0 0 -1
47 2 924 325 79 53 0 0 -1
48 1 940 585 181 99 0 0 -1
48 2 931 323 72 54 0 0 -1
49 1 940 585 181 99 0 0 -1
49 2 900 326 70 52 0 0 -1
50 1 940 585 181 99 0 0 -1
50 2 900 327 71 50 0 0 -1
51 1 940 585 181 99 0 0 -1
51 2 872 332 68 49 0 0 -1
52 1 940 585 181 99 0 0 -1
52 2 868 331 72 49 0 0 -1
53 1 940 580 181 99 0 0 -1
53 2 833 334 76 48 0 0 -1
54 1 940 580 181 99 0 0 -1
54 2 835 331 75 49 0 0 -1
55 1 940 580 181 99 0 0 -1
55 2 803 335 76 48 0 0 -1
56 1 940 580 181 99 0 0 -1
56 2 803 335 78 43 0 0 -1
57 1 935 580 181 99 0 0 -1
57 2 767 331 83 49 0 0 -1
58 1 935 575 181 99 0 0 -1
58 2 765 331 87 51 0 0 -1
59 1 930 570 181 99 0 0 -1
59 2 745 335 75 46 0 0 -1
60 1 930 570 181 99 0 0 -1
60 2 750 334 75 49 0 0 -1
61 1 926 565 185 99 0 0 -1
61 2 716 332 78 51 0 0 -1
62 1 926 565 185 99 0 0 -1
62 2 718 331 73 51 0 0 -1
63 1 921 557 190 107 0 0 -1
63 2 697 339 69 50 0 0 -1
64 1 916 552 190 107 0 0 -1
64 2 698 338 72 51 0 0 -1
65 1 911 547 190 107 0 0 -1
65 2 671 347 73 47 0 0 -1
66 1 896 542 190 107 0 0 -1
66 2 673 349 72 48 0 0 -1
67 1 886 537 190 107 0 0 -1
67 2 651 360 67 50 0 0 -1
68 1 881 537 195 107 0 0 -1
68 2 651 363 68 45 0 0 -1
69 1 871 532 195 107 0 0 -1
69 2 628 370 71 50 0 0 -1
70 1 856 532 195 107 0 0 -1
70 2 629 371 67 50 0 0 -1
71 1 846 527 195 107 0 0 -1
71 2 615 394 61 42 0 0 -1
72 1 825 522 206 107 0 0 -1
72 2 616 393 59 43 0 0 -1
73 1 815 517 206 107 0 0 -1
73 2 600 411 64 39 0 0 -1
74 1 815 517 206 107 0 0 -1
74 2 595 410 67 43 0 0 -1
75 1 799 505 217 114 0 0 -1
75 2 581 427 58 43 0 0 -1
76 1 789 500 217 114 0 0 -1
76 2 583 427 55 44 0 0 -1
77 1 779 484 217 125 0 0 -1
77 2 565 441 61 47 0 0 -1
78 1 774 479 217 125 0 0 -1
78 2 565 440 63 48 0 0 -1
79 1 764 484 217 125 0 0 -1
79 2 558 451 55 44 0 0 -1
80 1 764 484 217 125 0 0 -1
80 2 556 451 60 42 0 0 -1
81 1 756 504 220 125 0 0 -1
81 2 549 463 60 45 0 0 -1
82 1 751 514 220 125 0 0 -1
82 2 550 465 63 41 0 0 -1
83 1 732 519 239 134 0 0 -1
83 2 540 472 67 41 0 0 -1
84 1 727 519 239 134 0 0 -1
84 2 540 472 69 41 0 0 -1
85 1 729 519 242 134 0 0 -1
85 2 535 476 56 43 0 0 -1
86 1 729 519 242 134 0 0 -1
86 2 532 476 63 38 0 0 -1
87 1 739 529 242 134 0 0 -1
87 2 527 480 59 39 0 0 -1
88 1 749 534 248 139 0 0 -1
88 2 526 479 64 40 0 0 -1
89 1 759 539 261 139 0 0 -1
89 2 511 479 63 46 0 0 -1
90 1 774 579 273 154 0 0 -1
90 2 509 480 64 46 0 0 -1
91 1 779 664 273 154 0 0 -1
91 2 497 482 64 45 0 0 -1
92 1 779 664 273 154 0 0 -1
92 2 498 480 66 47 0 0 -1
93 1 799 683 258 145 0 0 -1
93 2 486 482 59 37 0 0 -1
94 1 804 688 266 145 0 0 -1
94 2 489 483 59 39 0 0 -1
95 1 814 693 280 150 0 0 -1
95 2 467 483 61 39 0 0 -1
96 1 829 698 280 150 0 0 -1
96 2 468 485 60 40 0 0 -1
97 1 839 703 280 150 0 0 -1
97 2 448 484 59 37 0 0 -1
98 1 839 703 280 150 0 0 -1
98 2 447 485 59 36 0 0 -1
99 1 854 701 280 157 0 0 -1
99 2 416 483 65 38 0 0 -1
100 1 869 706 280 157 0 0 -1
100 2 412 479 73 40 0 0 -1
101 1 874 706 280 157 0 0 -1
101 2 394 474 66 45 0 0 -1
102 1 889 706 280 157 0 0 -1
102 2 396 476 66 45 0 0 -1
103 1 904 706 280 157 0 0 -1
103 2 371 474 68 43 0 0 -1
104 1 904 706 280 157 0 0 -1
104 2 374 478 71 39 0 0 -1
105 1 919 706 280 157 0 0 -1
105 2 360 474 61 43 0 0 -1
106 1 924 702 280 151 0 0 -1
106 2 357 474 64 45 0 0 -1
107 1 929 702 280 151 0 0 -1
107 2 346 474 61 42 0 0 -1
108 1 944 698 273 149 0 0 -1
108 2 348 471 60 42 0 0 -1
109 1 959 691 273 156 0 0 -1
109 2 335 463 64 53 0 0 -1
110 1 959 693 273 149 0 0 -1
110 2 335 462 56 54 0 0 -1
111 1 969 688 273 149 0 0 -1
111 2 322 453 58 51 0 0 -1
112 1 974 688 273 149 0 0 -1
112 2 323 457 63 48 0 0 -1
113 1 979 693 273 149 0 0 -1
113 2 318 448 65 48 0 0 -1
114 1 989 691 267 146 0 0 -1
114 2 315 445 68 48 0 0 -1
115 1 1004 691 262 142 0 0 -1
115 2 315 432 63 44 0 0 -1
116 1 1004 691 262 142 0 0 -1
116 2 314 433 66 43 0 0 -1
117 1 1014 691 262 142 0 0 -1
117 2 312 416 70 42 0 0 -1
118 1 1019 691 262 142 0 0 -1
118 2 315 416 63 41 0 0 -1
119 1 1026 696 255 137 0 0 -1
119 2 312 393 71 43 0 0 -1
120 1 1031 696 255 137 0 0 -1
120 2 312 393 70 44 0 0 -1
121 1 1036 696 255 137 0 0 -1
121 2 316 372 63 40 0 0 -1
122 1 1036 696 255 137 0 0 -1
122 2 309 376 68 36 0 0 -1
123 1 1041 696 255 137 0 0 -1
123 2 322 353 57 38 0 0 -1
124 1 1051 701 245 137 0 0 -1
124 2 318 351 65 44 0 0 -1
125 1 1066 696 245 137 0 0 -1
125 2 318 330 59 43 0 0 -1
126 1 1081 696 245 137 0 0 -1
126 2 318 331 65 45 0 0 -1
127 1 1085 699 245 137 0 0 -1
127 2 320 315 63 45 0 0 -1
128 1 1085 699 245 137 0 0 -1
128 2 322 317 60 44 0 0 -1
129 1 1085 699 245 137 0 0 -1
129 2 324 300 63 46 0 0 -1
130 1 1090 694 245 137 0 0 -1
130 2 322 300 58 47 0 0 -1
131 1 1095 684 245 137 0 0 -1
131 2 322 293 61 41 0 0 -1
132 1 1095 645 244 131 0 0 -1
132 2 323 292 61 43 0 0 -1
133 1 1095 595 244 131 0 0 -1
133 2 323 284 60 41 0 0 -1
134 1 1095 600 244 128 0 0 -1
134 2 322 285 61 40 0 0 -1
135 1 1095 545 244 128 0 0 -1
135 2 318 276 62 45 0 0 -1
136 1 1095 490 244 128 0 0 -1
136 2 322 276 57 41 0 0 -1
137 1 1100 450 232 128 0 0 -1
137 2 315 272 60 43 0 0 -1
138 1 1085 425 232 128 0 0 -1
138 2 316 272 62 42 0 0 -1
139 1 1060 405 232 128 0 0 -1
139 2 314 266 59 42 0 0 -1
140 1 1066 405 226 128 0 0 -1
140 2 315 267 63 43 0 0 -1
141 1 1026 380 226 128 0 0 -1
141 2 311 264 60 42 0 0 -1
142 1 990 357 226 128 0 0 -1
142 2 312 262 62 46 0 0 -1
143 1 939 348 222 127 0 0 -1
143 2 311 258 66 43 0 0 -1
144 1 885 344 222 127 0 0 -1
144 2 311 259 67 41 0 0 -1
145 1 835 341 222 127 0 0 -1
145 2 310 250 64 43 0 0 -1
146 1 837 345 222 125 0 0 -1
146 2 314 247 60 48 0 0 -1
147 1 793 347 222 125 0 0 -1
147 2 311 240 66 43 0 0 -1
148 1 748 373 222 125 0 0 -1
148 2 315 238 54 42 0 0 -1
149 1 715 401 222 125 0 0 -1
149 2 312 229 62 41 0 0 -1
150 1 696 423 216 125 0 0 -1
150 2 314 225 63 49 0 0 -1
151 1 673 443 213 125 0 0 -1
151 2 310 210 67 51 0 0 -1
152 1 673 443 213 125 0 0 -1
152 2 313 213 58 46 0 0 -1
153 1 657 475 213 125 0 0 -1
153 2 312 203 59 46 0 0 -1
154 1 644 503 213 120 0 0 -1
154 2 310 206 65 45 0 0 -1
155 1 634 523 213 120 0 0 -1
155 2 311 191 66 53 0 0 -1
156 1 624 533 213 120 0 0 -1
156 2 311 190 64 52 0 0 -1
157 1 619 548 213 120 0 0 -1
157 2 312 183 62 51 0 0 -1
158 1 619 558 213 120 0 0 -1
158 2 312 182 62 51 0 0 -1
159 1 619 558 213 120 0 0 -1
159 2 312 176 63 53 0 0 -1
160 1 644 563 213 120 0 0 -1
160 2 311 174 66 56 0 0 -1
161 1 679 563 213 120 0 0 -1
161 2 312 174 62 51 0 0 -1
162 1 714 558 213 120 0 0 -1
162 2 312 173 63 54 0 0 -1
163 1 749 558 213 120 0 0 -1
163 2 311 172 64 55 0 0 -1
164 1 779 558 213 120 0 0 -1
164 2 311 170 68 58 0 0 -1
165 1 783 558 204 120 0 0 -1
165 2 316 173 64 55 0 0 -1
166 1 799 558 213 120 0 0 -1
166 2 314 172 64 55 0 0 -1
167 1 828 558 204 120 0 0 -1
167 2 318 176 61 53 0 0 -1
168 1 843 558 204 120 0 0 -1
168 2 316 176 62 53 0 0 -1
169 1 853 558 204 120 0 0 -1
169 2 319 183 63 50 0 0 -1
170 1 863 558 199 103 0 0 -1
170 2 319 181 64 52 0 0 -1
171 1 863 558 196 103 0 0 -1
171 2 323 186 61 48 0 0 -1
172 1 868 558 196 103 0 0 -1
172 2 323 187 59 49 0 0 -1
173 1 863 558 197 101 0 0 -1
173 2 324 194 62 44 0 0 -1
174 1 866 558 192 97 0 0 -1
174 2 326 196 61 45 0 0 -1
175 1 866 553 185 100 0 0 -1
175 2 328 203 64 42 0 0 -1
176 1 861 553 185 94 0 0 -1
176 2 331 204 61 41 0 0 -1
177 1 861 553 185 91 0 0 -1
177 2 333 212 59 41 0 0 -1
178 1 850 543 183 97 0 0 -1
178 2 333 212 58 39 0 0 -1
179 1 842 541 183 88 0 0 -1
179 2 337 219 59 35 0 0 -1
180 1 837 541 183 88 0 0 -1
180 2 335 217 61 40 0 0 -1
181 1 827 536 183 88 0 0 -1
181 2 336 220 60 42 0 0 -1
182 1 822 531 178 88 0 0 -1
182 2 339 221 58 37 0 0 -1
183 1 822 531 178 88 0 0 -1
183 2 343 224 54 40 0 0 -1
184 1 807 531 178 88 0 0 -1
184 2 340 224 57 43 0 0 -1
185 1 797 526 178 88 0 0 -1
185 2 345 225 59 47 0 0 -1
186 1 787 521 178 88 0 0 -1
186 2 346 225 59 49 0 0 -1
187 1 777 516 178 88 0 0 -1
187 2 350 229 58 49 0 0 -1
188 1 767 506 178 88 0 0 -1
188 2 353 228 56 48 0 0 -1
189 1 767 511 178 88 0 0 -1
189 2 360 236 54 47 0 0 -1
190 1 762 511 178 88 0 0 -1
190 2 356 230 62 53 0 0 -1
191 1 762 511 178 88 0 0 -1
191 2 363 239 61 46 0 0 -1
192 1 757 516 178 88 0 0 -1
192 2 366 236 59 47 0 0 -1
193 1 752 541 178 88 0 0 -1
193 2 377 241 58 46 0 0 -1
194 1 762 551 178 88 0 0 -1
194 2 378 241 56 48 0 0 -1
195 1 762 551 178 88 0 0 -1
195 2 394 251 60 42 0 0 -1
196 1 777 566 178 88 0 0 -1
196 2 394 249 58 46 0 0 -1
197 1 792 581 178 88 0 0 -1
197 2 403 253 60 45 0 0 -1
198 1 807 591 178 88 0 0 -1
198 2 404 251 58 45 0 0 -1
199 1 832 601 178 88 0 0 -1
199 2 420 255 60 47 0 0 -1
200 1 842 606 178 88 0 0 -1
200 2 416 254 61 44 0 0 -1
201 1 847 606 173 88 0 0 -1
201 2 441 267 53 35 0 0 -1
202 1 852 606 173 88 0 0 -1
202 2 442 268 52 33 0 0 -1
203 1 867 606 173 88 0 0 -1
203 2 462 272 53 36 0 0 -1
204 1 877 606 173 88 0 0 -1
204 2 463 270 52 39 0 0 -1
205 1 887 606 173 88 0 0 -1
205 2 480 276 59 34 0 0 -1
206 1 897 606 173 88 0 0 -1
206 2 482 272 58 41 0 0 -1
207 1 897 606 173 88 0 0 -1
207 2 498 278 55 37 0 0 -1
208 1 897 596 173 88 0 0 -1
208 2 498 278 50 34 0 0 -1
209 1 902 601 173 88 0 0 -1
209 2 522 283 48 31 0 0 -1
210 1 907 601 173 88 0 0 -1
210 2 522 284 49 30 0 0 -1
211 1 902 591 173 88 0 0 -1
211 2 544 288 50 35 0 0 -1
212 1 902 587 173 92 0 0 -1
212 2 545 291 51 31 0 0 -1
213 1 902 587 173 92 0 0 -1
213 2 566 295 54 30 0 0 -1
214 1 902 582 173 92 0 0 -1
214 2 565 293 53 32 0 0 -1
215 1 902 582 173 92 0 0 -1
215 2 586 297 53 37 0 0 -1
216 1 892 572 173 92 0 0 -1
216 2 584 300 54 34 0 0 -1
217 1 892 562 173 92 0 0 -1
217 2 609 304 50 28 0 0 -1
218 1 887 562 173 92 0 0 -1
218 2 608 304 51 26 0 0 -1
219 1 887 562 173 92 0 0 -1
219 2 630 310 50 26 0 0 -1
220 1 882 562 173 92 0 0 -1
220 2 629 308 55 27 0 0 -1
221 1 882 562 173 92 0 0 -1
221 2 650 313 51 29 0 0 -1
222 1 877 567 173 92 0 0 -1
222 2 652 312 50 28 0 0 -1
223 1 867 572 173 92 0 0 -1
223 2 667 318 56 28 0 0 -1
224 1 862 572 173 92 0 0 -1
224 2 672 315 54 31 0 0 -1
225 1 862 572 173 92 0 0 -1
225 2 689 322 55 30 0 0 -1
226 1 862 577 173 92 0 0 -1
226 2 689 325 54 30 0 0 -1
227 1 857 577 173 92 0 0 -1
227 2 707 330 54 27 0 0 -1
228 1 852 577 173 92 0 0 -1
228 2 709 330 52 26 0 0 -1
229 1 842 577 173 92 0 0 -1
229 2 722 329 61 32 0 0 -1
230 1 842 577 173 92 0 0 -1
230 2 722 330 61 36 0 0 -1
231 1 842 577 173 92 0 0 -1
231 2 741 334 55 38 0 0 -1
232 1 832 582 173 92 0 0 -1
232 2 741 336 55 32 0 0 -1
233 1 822 582 173 92 0 0 -1
233 2 757 339 56 33 0 0 -1
234 1 817 582 173 92 0 0 -1
234 2 761 342 54 27 0 0 -1
235 1 807 582 173 92 0 0 -1
235 2 775 342 55 35 0 0 -1
236 1 802 577 173 92 0 0 -1
236 2 777 344 56 33 0 0 -1
237 1 797 577 173 92 0 0 -1
237 2 788 351 59 35 0 0 -1
238 1 792 577 173 92 0 0 -1
238 2 788 351 59 33 0 0 -1
239 1 797 577 173 92 0 0 -1
239 2 800 356 58 34 0 0 -1
240 1 802 577 173 92 0 0 -1
240 2 803 355 59 38 0 0 -1
241 1 791 577 179 92 0 0 -1
241 2 816 364 57 34 0 0 -1
242 1 786 572 179 92 0 0 -1
242 2 817 361 56 38 0 0 -1
243 1 786 572 179 92 0 0 -1
243 2 829 368 61 38 0 0 -1
244 1 791 567 179 92 0 0 -1
244 2 830 366 59 40 0 0 -1
245 1 791 557 179 92 0 0 -1
245 2 841 373 59 44 0 0 -1
246 1 791 552 179 92 0 0 -1
246 2 838 373 62 43 0 0 -1
247 1 791 547 179 92 0 0 -1
247 2 854 387 61 38 0 0 -1
248 1 791 547 179 92 0 0 -1
248 2 856 385 59 40 0 0 -1
249 1 791 542 179 92 0 0 -1
249 2 866 397 61 39 0 0 -1
250 1 791 542 179 92 0 0 -1
250 2 867 397 61 40 0 0 -1
251 1 791 537 179 92 0 0 -1
251 2 873 406 62 47 0 0 -1
252 1 791 537 179 92 0 0 -1
252 2 877 406 58 43 0 0 -1
253 1 791 537 179 92 0 0 -1
253 2 888 416 61 43 0 0 -1
254 1 786 537 179 92 0 0 -1
254 2 889 419 59 36 0 0 -1
255 1 791 537 179 92 0 0 -1
255 2 901 429 52 39 0 0 -1
256 1 791 537 179 92 0 0 -1
256 2 896 429 60 38 0 0 -1
257 1 785 537 185 92 0 0 -1
257 2 906 438 56 41 0 0 -1
258 1 780 537 185 92 0 0 -1
258 2 909 440 48 42 0 0 -1
259 1 775 537 185 92 0 0 -1
259 2 915 453 54 36 0 0 -1
260 1 785 547 185 92 0 0 -1
260 2 915 453 54 34 0 0 -1
261 1 785 547 185 92 0 0 -1
261 2 919 462 59 35 0 0 -1
262 1 780 557 185 92 0 0 -1
262 2 918 457 60 36 0 0 -1
263 1 775 557 185 92 0 0 -1
263 2 926 465 52 37 0 0 -1
264 1 785 557 185 92 0 0 -1
264 2 926 463 52 37 0 0 -1
265 1 810 572 185 92 0 0 -1
265 2 931 470 54 38 0 0 -1
266 1 810 577 185 92 0 0 -1
266 2 928 470 57 39 0 0 -1
267 1 810 577 185 92 0 0 -1
267 2 935 474 59 39 0 0 -1
268 1 810 583 185 86 0 0 -1
268 2 936 476 58 37 0 0 -1
269 1 825 593 185 86 0 0 -1
269 2 944 478 52 39 0 0 -1
270 1 825 593 185 86 0 0 -1
270 2 941 476 58 38 0 0 -1
271 1 825 593 185 86 0 0 -1
271 2 956 478 49 44 0 0 -1
272 1 820 583 185 86 0 0 -1
272 2 953 479 51 43 0 0 -1
273 1 820 583 185 86 0 0 -1
273 2 962 478 55 45 0 0 -1
274 1 820 583 185 86 0 0 -1
274 2 965 480 48 41 0 0 -1
275 1 820 583 185 86 0 0 -1
275 2 974 480 50 47 0 0 -1
276 1 810 578 185 86 0 0 -1
276 2 974 479 51 48 0 0 -1
277 1 795 573 185 86 0 0 -1
277 2 985 480 51 49 0 0 -1
278 1 790 573 185 86 0 0 -1
278 2 986 482 52 44 0 0 -1
279 1 790 573 185 86 0 0 -1
279 2 999 485 54 42 0 0 -1
280 1 780 563 185 86 0 0 -1
280 2 1000 485 55 44 0 0 -1
281 1 770 558 185 86 0 0 -1
281 2 1015 487 56 44 0 0 -1
282 1 755 553 185 86 0 0 -1
282 2 1019 489 48 40 0 0 -1
283 1 745 543 185 86 0 0 -1
283 2 1036 489 51 41 0 0 -1
284 1 740 538 185 86 0 0 -1
284 2 1033 489 54 41 0 0 -1
285 1 735 538 185 86 0 0 -1
285 2 1054 492 53 39 0 0 -1
286 1 730 533 185 81 0 0 -1
286 2 1053 489 56 40 0 0 -1
287 1 725 528 185 81 0 0 -1
287 2 1073 488 55 45 0 0 -1
288 1 715 523 185 81 0 0 -1
288 2 1075 491 52 39 0 0 -1
289 1 710 523 179 81 0 0 -1
289 2 1096 491 56 42 0 0 -1
290 1 705 528 179 81 0 0 -1
290 2 1096 492 55 42 0 0 -1
291 1 705 528 179 81 0 0 -1
291 2 1114 495 58 35 0 0 -1
292 1 710 528 179 81 0 0 -1
292 2 1117 496 51 37 0 0 -1
293 1 720 533 179 81 0 0 -1
293 2 1140 495 58 39 0 0 -1
294 1 735 533 179 81 0 0 -1
294 2 1136 495 56 36 0 0 -1
295 1 755 538 179 75 0 0 -1
295 2 1162 499 57 35 0 0 -1
296 1 770 543 179 75 0 0 -1
296 2 1164 500 57 36 0 0 -1
297 1 770 543 179 75 0 0 -1
297 2 1186 497 56 38 0 0 -1
298 1 800 548 179 75 0 0 -1
298 2 1182 499 59 40 0 0 -1
299 1 830 553 179 75 0 0 -1
299 2 1208 497 58 39 0 0 -1
300 1 850 553 179 75 0 0 -1
300 2 1209 499 54 39 0 0 -1
301 1 890 568 179 75 0 0 -1
301 2 1232 504 56 25 0 0 -1
302 1 915 568 179 75 0 0 -1
302 2 1229 501 60 28 0 0 -1
303 1 915 568 179 75 0 0 -1
303 2 1253 506 60 27 0 0 -1
304 1 935 568 179 75 0 0 -1
304 2 1254 503 56 35 0 0 -1
305 1 950 568 179 75 0 0 -1
305 2 1275 509 59 27 0 0 -1
306 1 965 573 179 75 0 0 -1
306 2 1277 508 55 31 0 0 -1
307 1 985 573 179 75 0 0 -1
307 2 1305 513 47 35 0 0 -1
308 1 1000 573 175 75 0 0 -1
308 2 1302 510 53 33 0 0 -1
309 1 1000 573 175 75 0 0 -1
309 2 1324 513 50 34 0 0 -1
310 1 1010 573 175 75 0 0 -1
310 2 1326 512 48 35 0 0 -1
311 1 1010 573 175 75 0 0 -1
311 2 1345 512 53 32 0 0 -1
312 1 1010 573 175 75 0 0 -1
312 2 1344 509 50 37 0 0 -1
313 1 1010 573 175 75 0 0 -1
313 2 1364 509 56 33 0 0 -1
314 1 1010 573 175 75 0 0 -1
314 2 1362 505 54 37 0 0 -1
315 1 1010 573 175 75 0 0 -1
315 2 1374 504 54 39 0 0 -1
316 1 1005 573 175 75 0 0 -1
316 2 1373 504 53 36 0 0 -1
317 1 995 573 175 75 0 0 -1
317 2 1383 502 50 40 0 0 -1
318 1 990 573 175 75 0 0 -1
318 2 1383 502 50 36 0 0 -1
319 1 985 573 175 75 0 0 -1
319 2 1392 496 51 39 0 0 -1
320 1 970 573 175 75 0 0 -1
320 2 1391 496 52 38 0 0 -1
321 1 965 573 175 75 0 0 -1
321 2 1396 493 51 30 0 0 -1
322 1 970 573 165 75 0 0 -1
322 2 1394 491 57 34 0 0 -1
323 1 960 583 165 75 0 0 -1
323 2 1400 479 53 33 0 0 -1
324 1 950 593 165 75 0 0 -1
324 2 1395 478 58 34 0 0 -1
325 1 940 603 165 75 0 0 -1
325 2 1402 462 56 37 0 0 -1
326 1 930 618 165 75 0 0 -1
326 2 1402 465 55 36 0 0 -1
327 1 920 623 165 75 0 0 -1
327 2 1402 449 60 34 0 0 -1
328 1 920 623 165 75 0 0 -1
328 2 1406 450 51 34 0 0 -1
329 1 910 623 165 75 0 0 -1
329 2 1406 432 58 34 0 0 -1
330 1 900 623 165 75 0 0 -1
330 2 1403 436 61 34 0 0 -1
331 1 890 623 165 75 0 0 -1
331 2 1410 423 56 38 0 0 -1
332 1 885 623 165 75 0 0 -1
332 2 1411 423 53 36 0 0 -1
333 1 880 623 165 75 0 0 -1
333 2 1416 402 55 39 0 0 -1
334 1 880 623 165 75 0 0 -1
334 2 1416 404 55 37 0 0 -1
335 1 870 623 165 75 0 0 -1
335 2 1417 399 53 35 0 0 -1
336 1 865 623 165 75 0 0 -1
336 2 1421 397 49 39 0 0 -1
337 1 860 623 165 75 0 0 -1
337 2 1425 390 50 39 0 0 -1
338 1 855 623 165 75 0 0 -1
338 2 1428 391 44 42 0 0 -1
339 1 850 618 165 75 0 0 -1
339 2 1432 390 48 39 0 0 -1
340 1 850 618 165 75 0 0 -1
340 2 1429 387 51 40 0 0 -1
341 1 845 613 165 75 0 0 -1
341 2 1428 380 59 43 0 0 -1
342 1 840 613 165 70 0 0 -1
342 2 1439 378 52 43 0 0 -1
343 1 835 613 165 70 0 0 -1
343 2 1447 376 50 39 0 0 -1
344 1 836 603 159 70 0 0 -1
344 2 1447 376 51 36 0 0 -1
345 1 836 603 159 70 0 0 -1
345 2 1459 374 47 37 0 0 -1
346 1 836 603 159 70 0 0 -1
346 2 1460 374 46 36 0 0 -1
347 1 836 603 159 70 0 0 -1
347 2 1467 374 56 37 0 0 -1
348 1 831 603 159 70 0 0 -1
348 2 1468 377 51 33 0 0 -1
349 1 831 603 159 70 0 0 -1
349 2 1487 373 60 38 0 0 -1
350 1 826 603 159 70 0 0 -1
350 2 1489 372 54 36 0 0 -1
351 1 826 603 159 70 0 0 -1
351 2 1498 374 54 33 0 0 -1
352 1 826 603 159 70 0 0 -1
352 2 1500 370 53 38 0 0 -1
353 1 826 603 159 70 0 0 -1
353 2 1517 372 53 35 0 0 -1
354 1 826 603 159 67 0 0 -1
354 2 1517 369 52 35 0 0 -1
355 1 821 603 159 67 0 0 -1
355 2 1532 374 57 37 0 0 -1
356 1 826 603 159 67 0 0 -1
356 2 1535 374 51 36 0 0 -1
357 1 826 603 159 67 0 0 -1
357 2 1551 374 53 36 0 0 -1
358 1 826 603 159 67 0 0 -1
358 2 1552 376 52 34 0 0 -1
359 1 831 603 154 67 0 0 -1
359 2 1577 376 51 31 0 0 -1
360 1 831 603 154 67 0 0 -1
360 2 1574 373 53 35 0 0 -1
361 1 831 598 154 67 0 0 -1
361 2 1594 376 53 36 0 0 -1
362 1 831 598 154 67 0 0 -1
362 2 1595 377 50 31 0 0 -1
363 1 831 598 162 67 0 0 -1
363 2 1620 372 48 30 0 0 -1
364 1 831 598 162 67 0 0 -1
364 2 1620 369 50 34 0 0 -1
365 1 836 598 162 67 0 0 -1
365 2 1628 377 55 30 0 0 -1
366 1 847 598 156 67 0 0 -1
366 2 1624 376 52 34 0 0 -1
367 1 848 598 153 67 0 0 -1
367 2 1650 380 56 31 0 0 -1
368 1 853 598 153 67 0 0 -1
368 2 1650 377 52 33 0 0 -1
369 1 853 598 153 67 0 0 -1
369 2 1678 382 56 32 0 0 -1
370 1 853 598 153 67 0 0 -1
370 2 1675 381 57 35 0 0 -1
371 1 848 598 153 67 0 0 -1
371 2 1690 398 49 31 0 0 -1
372 1 853 603 153 67 0 0 -1
372 2 1691 397 48 30 0 0 -1
373 1 853 603 153 67 0 0 -1
373 2 1706 408 49 29 0 0 -1
374 1 853 603 153 67 0 0 -1
374 2 1706 403 47 31 0 0 -1
375 1 853 608 153 67 0 0 -1
375 2 1723 412 50 33 0 0 -1
376 1 851 608 150 67 0 0 -1
376 2 1726 410 46 36 0 0 -1
377 1 851 613 150 67 0 0 -1
377 2 1737 427 46 27 0 0 -1
378 1 851 613 150 67 0 0 -1
378 2 1736 425 45 32 0 0 -1
379 1 851 618 150 64 0 0 -1
379 2 1752 433 43 32 0 0 -1
380 1 851 618 150 64 0 0 -1
380 2 1749 432 49 35 0 0 -1
381 1 846 623 150 64 0 0 -1
381 2 1761 441 45 31 0 0 -1
382 1 846 623 150 64 0 0 -1
382 2 1757 441 53 33 0 0 -1
383 1 846 628 150 64 0 0 -1
383 2 1772 442 47 34 0 0 -1
384 1 846 631 150 61 0 0 -1
384 2 1770 442 51 37 0 0 -1
385 1 851 634 150 61 0 0 -1
385 2 1772 445 53 35 0 0 -1
386 1 851 637 150 58 0 0 -1
386 2 1773 447 51 31 0 0 -1
387 1 851 642 150 58 0 0 -1
387 2 1778 450 51 33 0 0 -1
388 1 851 642 150 58 0 0 -1
388 2 1777 449 59 34 0 0 -1
389 1 856 647 150 62 0 0 -1
389 2 1783 454 53 34 0 0 -1
390 1 866 647 150 62 0 0 -1
390 2 1782 453 51 34 0 0 -1
391 1 876 652 150 62 0 0 -1
391 2 1789 453 47 34 0 0 -1
392 1 886 652 150 62 0 0 -1
392 2 1787 457 50 31 0 0 -1
393 1 891 657 150 62 0 0 -1
393 2 1793 453 53 36 0 0 -1
394 1 891 657 150 62 0 0 -1
394 2 1793 455 51 32 0 0 -1
395 1 896 667 150 62 0 0 -1
395 2 1800 454 47 33 0 0 -1
396 1 896 667 150 62 0 0 -1
396 2 1799 455 48 32 0 0 -1
397 1 901 672 150 62 0 0 -1
397 2 1800 453 68 32 0 0 -1
398 1 906 677 147 62 0 0 -1
398 2 1799 454 59 33 0 0 -1
399 1 906 682 147 62 0 0 -1
399 2 1806 455 74 29 0 0 -1
400 1 911 681 143 62 0 0 -1
400 2 1810 453 60 34 0 0 -1
401 1 911 686 143 62 0 0 -1
401 2 1823 445 62 38 0 0 -1
402 1 911 691 143 62 0 0 -1
402 2 1827 448 58 37 0 0 -1
403 1 911 691 143 62 0 0 -1
403 2 1830 453 66 36 0 0 -1
404 1 906 691 143 62 0 0 -1
404 2 1830 455 63 30 0 0 -1
405 1 906 691 143 62 0 0 -1
405 2 1842 451 60 34 0 0 -1
406 1 906 691 143 62 0 0 -1
406 2 1840 449 62 34 0 0 -1
407 1 906 691 143 62 0 0 -1
407 2 1855 444 58 38 0 0 -1
408 1 901 691 143 62 0 0 -1
408 2 1855 445 58 33 0 0 -1
409 1 901 691 143 62 0 0 -1
409 2 1863 441 58 33 0 0 -1
410 1 901 696 138 62 0 0 -1
410 2 1861 441 60 35 0 0 -1
411 1 896 696 138 62 0 0 -1
411 2 1867 437 54 37 0 0 -1
412 1 896 696 138 62 0 0 -1
412 2 1872 436 49 35 0 0 -1
413 1 896 696 138 62 0 0 -1
413 2 1876 424 45 38 0 0 -1
414 1 896 701 138 62 0 0 -1
414 2 1875 423 46 42 0 0 -1
415 1 891 706 138 62 0 0 -1
415 2 1881 414 40 31 0 0 -1
416 1 891 706 138 62 0 0 -1
416 2 1882 410 39 35 0 0 -1
417 1 891 712 138 56 0 0 -1
417 2 1878 398 43 34 0 0 -1
418 1 891 712 138 56 0 0 -1
418 2 1885 399 36 33 0 0 -1
419 1 891 712 138 56 0 0 -1
419 2 1884 386 37 39 0 0 -1
420 1 891 712 138 56 0 0 -1
420 2 1888 389 33 34 0 0 -1
421 1 894 712 138 56 0 0 -1
421 2 1887 381 34 30 0 0 -1
422 1 896 712 138 56 0 0 -1
422 2 1885 381 36 34 0 0 -1
423 1 896 712 138 56 0 0 -1
423 2 1885 374 36 36 0 0 -1
424 1 896 712 138 56 0 0 -1
424 2 1891 373 30 37 0 0 -1
425 1 896 712 138 56 0 0 -1
425 2 1891 368 30 35 0 0 -1
426 1 901 707 138 56 0 0 -1
426 2 1889 368 32 32 0 0 -1
427 1 906 697 138 56 0 0 -1
427 2 1887 364 34 34 0 0 -1
428 1 911 682 138 56 0 0 -1
428 2 1889 363 32 40 0 0 -1
429 1 916 662 138 56 0 0 -1
429 2 1889 361 32 37 0 0 -1
430 1 916 662 138 56 0 0 -1
430 2 1889 363 32 34 0 0 -1
431 1 921 647 138 56 0 0 -1
431 2 1881 359 40 34 0 0 -1
432 1 931 637 138 56 0 0 -1
432 2 1888 349 33 37 0 0 -1
433 1 936 622 138 56 0 0 -1
433 2 1881 343 40 43 0 0 -1
434 1 941 607 138 56 0 0 -1
434 2 1883 343 38 42 0 0 -1
435 1 951 597 138 56 0 0 -1
435 2 1870 339 51 48 0 0 -1
436 1 951 597 138 56 0 0 -1
436 2 1866 342 55 36 0 0 -1
437 1 956 592 138 56 0 0 -1
437 2 1855 331 54 47 0 0 -1
438 1 961 592 138 56 0 0 -1
438 2 1854 342 54 36 0 0 -1
439 1 961 587 138 56 0 0 -1
439 2 1838 339 58 38 0 0 -1
440 1 965 587 133 56 0 0 -1
440 2 1837 340 67 37 0 0 -1
441 1 965 582 133 56 0 0 -1
441 2 1827 340 52 38 0 0 -1
442 1 965 582 133 56 0 0 -1
442 2 1832 342 42 41 0 0 -1
443 1 965 582 133 56 0 0 -1
443 2 1812 342 47 36 0 0 -1
444 1 965 587 133 56 0 0 -1
444 2 1811 340 48 38 0 0 -1
445 1 955 592 133 56 0 0 -1
445 2 1798 342 35 31 0 0 -1
446 1 945 592 133 56 0 0 -1
446 2 1794 343 40 42 0 0 -1
447 1 935 597 133 56 0 0 -1
447 2 1774 343 45 26 0 0 -1
448 1 935 597 133 56 0 0 -1
448 2 1774 340 39 29 0 0 -1
449 1 925 597 133 56 0 0 -1
449 2 1751 340 43 34 0 0 -1
450 1 910 602 133 56 0 0 -1
450 2 1756 340 39 33 0 0 -1
451 1 900 602 133 56 0 0 -1
451 2 1722 339 48 38 0 0 -1
452 1 885 602 133 56 0 0 -1
452 2 1715 342 49 35 0 0 -1
453 1 875 602 133 56 0 0 -1
453 2 1693 340 47 30 0 0 -1
454 1 875 602 133 56 0 0 -1
454 2 1696 342 40 34 0 0 -1
455 1 862 597 131 56 0 0 -1
455 2 1670 348 53 26 0 0 -1
456 1 862 597 131 56 0 0 -1
456 2 1667 346 55 28 0 0 -1
457 1 857 597 131 56 0 0 -1
457 2 1640 344 53 30 0 0 -1
458 1 852 587 131 56 0 0 -1
458 2 1640 346 56 31 0 0 -1
459 1 852 572 131 56 0 0 -1
459 2 1616 344 47 29 0 0 -1
460 1 852 572 131 56 0 0 -1
460 2 1619 347 47 30 0 0 -1
461 1 847 562 131 53 0 0 -1
461 2 1590 346 56 31 0 0 -1
462 1 847 547 131 53 0 0 -1
462 2 1589 349 56 31 0 0 -1
463 1 842 542 131 53 0 0 -1
463 2 1572 348 53 32 0 0 -1
464 1 842 537 131 53 0 0 -1
464 2 1572 351 49 27 0 0 -1
465 1 837 537 131 53 0 0 -1
465 2 1551 347 47 34 0 0 -1
466 1 837 537 131 53 0 0 -1
466 2 1553 351 43 26 0 0 -1
467 1 832 537 131 53 0 0 -1
467 2 1534 352 56 29 0 0 -1
468 1 827 537 131 53 0 0 -1
468 2 1532 353 51 33 0 0 -1
469 1 817 537 131 53 0 0 -1
469 2 1514 364 52 33 0 0 -1
470 1 817 532 131 53 0 0 -1
470 2 1514 365 51 32 0 0 -1
471 1 811 527 131 53 0 0 -1
471 2 1498 373 51 29 0 0 -1
472 1 811 527 131 53 0 0 -1
472 2 1500 373 49 30 0 0 -1
473 1 811 522 131 53 0 0 -1
473 2 1485 382 50 30 0 0 -1
474 1 806 517 131 53 0 0 -1
474 2 1484 383 46 28 0 0 -1
475 1 806 512 131 53 0 0 -1
475 2 1471 391 47 32 0 0 -1
476 1 806 507 131 53 0 0 -1
476 2 1468 393 50 31 0 0 -1
477 1 806 502 131 53 0 0 -1
477 2 1454 403 55 30 0 0 -1
478 1 806 487 131 53 0 0 -1
478 2 1457 402 47 32 0 0 -1
479 1 806 487 131 53 0 0 -1
479 2 1445 414 46 31 0 0 -1
480 1 806 477 131 53 0 0 -1
480 2 1443 414 51 32 0 0 -1
481 1 811 467 131 53 0 0 -1
481 2 1440 425 43 32 0 0 -1
482 1 811 452 131 53 0 0 -1
482 2 1436 425 52 32 0 0 -1
483 1 816 437 131 53 0 0 -1
483 2 1425 434 52 37 0 0 -1
484 1 826 422 125 53 0 0 -1
484 2 1425 433 52 37 0 0 -1
485 1 826 422 125 53 0 0 -1
485 2 1421 441 55 33 0 0 -1
486 1 831 412 125 53 0 0 -1
486 2 1420 438 56 33 0 0 -1
487 1 837 411 118 51 0 0 -1
487 2 1417 446 55 37 0 0 -1
488 1 837 401 118 51 0 0 -1
488 2 1415 446 56 34 0 0 -1
489 1 842 396 118 51 0 0 -1
489 2 1415 453 45 34 0 0 -1
490 1 847 391 118 51 0 0 -1
490 2 1412 451 51 38 0 0 -1
491 1 847 391 118 51 0 0 -1
491 2 1409 450 53 39 0 0 -1
492 1 847 391 118 51 0 0 -1
492 2 1407 451 53 38 0 0 -1
493 1 852 386 118 51 0 0 -1
493 2 1404 450 47 39 0 0 -1
494 1 852 381 118 51 0 0 -1
494 2 1406 450 45 43 0 0 -1
495 1 857 376 118 51 0 0 -1
495 2 1396 453 50 40 0 0 -1
496 1 857 376 118 51 0 0 -1
496 2 1399 453 44 39 0 0 -1
497 1 857 376 118 51 0 0 -1
497 2 1391 457 47 35 0 0 -1
498 1 862 373 118 49 0 0 -1
498 2 1387 458 55 41 0 0 -1
499 1 862 371 118 48 0 0 -1
499 2 1375 459 55 37 0 0 -1
500 1 867 371 114 46 0 0 -1
500 2 1374 462 54 35 0 0 -1
501 1 872 366 111 46 0 0 -1
501 2 1366 458 49 33 0 0 -1
502 1 877 361 111 46 0 0 -1
502 2 1362 458 55 35 0 0 -1
503 1 877 361 111 46 0 0 -1
503 2 1352 458 52 37 0 0 -1
504 1 882 358 104 44 0 0 -1
504 2 1352 457 55 39 0 0 -1
505 1 882 353 104 44 0 0 -1
505 2 1340 455 58 41 0 0 -1
506 1 887 348 104 44 0 0 -1
506 2 1347 459 52 36 0 0 -1
507 1 892 343 104 44 0 0 -1
507 2 1335 455 51 40 0 0 -1
508 1 897 338 101 41 0 0 -1
508 2 1338 457 45 35 0 0 -1
509 1 897 338 101 41 0 0 -1
509 2 1324 459 54 34 0 0 -1
510 1 897 328 101 41 0 0 -1
510 2 1330 458 48 34 0 0 -1
511 1 902 318 104 41 0 0 -1
511 2 1321 459 45 33 0 0 -1
512 1 912 308 101 41 0 0 -1
512 2 1317 457 55 35 0 0 -1
513 1 917 303 101 41 0 0 -1
513 2 1311 457 50 35 0 0 -1
514 1 922 293 101 41 0 0 -1
514 2 1310 454 51 38 0 0 -1
515 1 922 293 101 41 0 0 -1
515 2 1301 453 48 38 0 0 -1
516 1 927 288 101 41 0 0 -1
516 2 1300 454 48 37 0 0 -1
517 1 932 283 101 41 0 0 -1
517 2 1290 455 51 30 0 0 -1
518 1 937 278 101 41 0 0 -1
518 2 1292 457 51 32 0 0 -1
519 1 947 268 101 41 0 0 -1
519 2 1280 455 52 34 0 0 -1
520 1 952 263 101 41 0 0 -1
520 2 1281 457 50 31 0 0 -1
521 1 952 263 101 41 0 0 -1
521 2 1272 457 49 30 0 0 -1
522 1 957 253 101 41 0 0 -1
522 2 1268 451 58 38 0 0 -1
523 1 962 248 101 41 0 0 -1
523 2 1259 451 56 34 0 0 -1
524 1 972 243 95 41 0 0 -1
524 2 1263 450 52 41 0 0 -1
525 1 977 238 95 41 0 0 -1
525 2 1251 453 53 31 0 0 -1
526 1 982 233 95 41 0 0 -1
526 2 1251 451 51 36 0 0 -1
527 1 982 233 95 41 0 0 -1
527 2 1245 451 48 34 0 0 -1
528 1 987 228 95 41 0 0 -1
528 2 1246 453 52 34 0 0 -1
529 1 992 218 95 41 0 0 -1
529 2 1238 453 51 35 0 0 -1
530 1 997 213 95 41 0 0 -1
530 2 1236 455 53 36 0 0 -1
531 1 1002 203 95 41 0 0 -1
531 2 1229 454 55 37 0 0 -1
532 1 1007 193 95 41 0 0 -1
532 2 1230 453 51 38 0 0 -1
533 1 1007 193 95 41 0 0 -1
533 2 1225 457 55 35 0 0 -1
534 1 1012 183 95 41 0 0 -1
534 2 1225 457 55 36 0 0 -1
535 1 1021 175 91 37 0 0 -1
535 2 1220 458 55 35 0 0 -1
536 1 1021 165 91 37 0 0 -1
536 2 1223 458 54 37 0 0 -1
537 1 1023 147 91 37 0 0 -1
537 2 1215 459 57 37 0 0 -1
538 1 1028 132 91 37 0 0 -1
538 2 1217 458 53 35 0 0 -1
539 1 1028 132 91 37 0 0 -1
539 2 1216 461 52 39 0 0 -1
540 1 1033 122 91 37 0 0 -1
540 2 1215 462 53 37 0 0 -1
541 1 1029 114 91 37 0 0 -1
541 2 1212 465 51 34 0 0 -1
542 1 1029 109 91 37 0 0 -1
542 2 1211 465 56 35 0 0 -1
543 1 1029 104 91 37 0 0 -1
543 2 1211 463 52 38 0 0 -1
544 1 1024 99 91 37 0 0 -1
544 2 1212 465 52 40 0 0 -1
545 1 1024 99 91 37 0 0 -1
545 2 1208 467 54 37 0 0 -1
546 1 1024 94 91 37 0 0 -1
546 2 1206 465 58 37 0 0 -1
547 1 1024 94 91 37 0 0 -1
547 2 1204 466 52 35 0 0 -1
548 1 1022 97 91 37 0 0 -1
548 2 1207 465 52 37 0 0 -1
549 1 1022 97 91 37 0 0 -1
549 2 1204 466 58 39 0 0 -1
550 1 1027 112 91 37 0 0 -1
550 2 1204 467 59 39 0 0 -1
551 1 1027 112 91 37 0 0 -1
551 2 1202 467 57 37 0 0 -1
552 1 1032 122 91 37 0 0 -1
552 2 1203 465 55 41 0 0 -1
553 1 1032 132 91 37 0 0 -1
553 2 1199 470 56 34 0 0 -1
554 1 1032 147 91 37 0 0 -1
554 2 1206 466 49 38 0 0 -1
555 1 1032 152 91 37 0 0 -1
555 2 1207 466 48 42 0 0 -1
556 1 1027 162 91 37 0 0 -1
556 2 1207 467 47 38 0 0 -1
557 1 1022 162 91 37 0 0 -1
557 2 1202 465 49 39 0 0 -1
558 1 1017 162 91 37 0 0 -1
558 2 1198 461 51 43 0 0 -1
559 1 1017 162 91 37 0 0 -1
559 2 1194 458 52 47 0 0 -1
560 1 1012 162 91 37 0 0 -1
560 2 1198 459 48 43 0 0 -1
561 1 1002 162 91 37 0 0 -1
561 2 1187 459 50 46 0 0 -1
562 1 992 157 91 37 0 0 -1
562 2 1189 458 49 46 0 0 -1
563 1 992 157 91 37 0 0 -1
563 2 1179 459 51 43 0 0 -1
564 1 987 157 91 37 0 0 -1
564 2 1178 457 48 44 0 0 -1
565 1 972 152 91 37 0 0 -1
565 2 1168 459 47 45 0 0 -1
566 1 962 152 91 37 0 0 -1
566 2 1165 462 47 40 0 0 -1
567 1 957 147 91 37 0 0 -1
567 2 1151 459 51 45 0 0 -1
568 1 942 147 91 37 0 0 -1
568 2 1149 458 51 46 0 0 -1
569 1 942 147 91 37 0 0 -1
569 2 1134 463 57 34 0 0 -1
570 1 927 147 91 37 0 0 -1
570 2 1132 462 59 43 0 0 -1
571 1 917 142 91 37 0 0 -1
571 2 1113 459 57 43 0 0 -1
572 1 907 142 91 37 0 0 -1
572 2 1111 461 59 40 0 0 -1
573 1 905 138 88 36 0 0 -1
573 2 1096 462 51 35 0 0 -1
574 1 900 138 88 36 0 0 -1
574 2 1093 457 55 47 0 0 -1
575 1 900 138 88 36 0 0 -1
575 2 1075 462 51 39 0 0 -1
576 1 895 138 88 36 0 0 -1
576 2 1075 462 52 35 0 0 -1
577 1 890 138 88 36 0 0 -1
577 2 1056 463 49 38 0 0 -1
578 1 885 138 88 36 0 0 -1
578 2 1056 465 49 37 0 0 -1
579 1 880 133 88 36 0 0 -1
579 2 1033 470 59 27 0 0 -1
580 1 875 133 88 36 0 0 -1
580 2 1034 471 58 29 0 0 -1
581 1 875 133 88 36 0 0 -1
581 2 1016 465 57 39 0 0 -1
582 1 870 133 88 36 0 0 -1
582 2 1016 466 54 35 0 0 -1
583 1 865 133 88 36 0 0 -1
583 2 998 463 57 36 0 0 -1
584 1 855 133 88 36 0 0 -1
584 2 998 465 51 37 0 0 -1
585 1 850 133 88 36 0 0 -1
585 2 981 459 55 40 0 0 -1
586 1 847 133 81 36 0 0 -1
586 2 977 461 59 41 0 0 -1
587 1 847 133 81 36 0 0 -1
587 2 977 461 44 32 0 0 -1
588 1 842 133 81 36 0 0 -1
588 2 970 457 55 38 0 0 -1
589 1 832 133 81 36 0 0 -1
589 2 960 451 56 33 0 0 -1
590 1 827 128 81 36 0 0 -1
590 2 961 449 56 39 0 0 -1
591 1 817 128 81 36 0 0 -1
591 2 951 442 54 41 0 0 -1
592 1 812 128 81 36 0 0 -1
592 2 957 441 50 38 0 0 -1
593 1 812 128 81 36 0 0 -1
593 2 948 431 52 40 0 0 -1
594 1 802 128 81 36 0 0 -1
594 2 947 433 57 34 0 0 -1
595 1 792 128 81 36 0 0 -1
595 2 952 421 47 38 0 0 -1
596 1 787 128 81 36 0 0 -1
596 2 949 419 54 42 0 0 -1
597 1 782 128 81 36 0 0 -1
597 2 944 404 54 42 0 0 -1
598 1 777 128 81 36 0 0 -1
598 2 944 403 55 45 0 0 -1
599 1 777 128 81 36 0 0 -1
599 2 945 394 47 33 0 0 -1
600 1 767 128 81 36 0 0 -1
600 2 947 389 47 39 0 0 -1
601 1 767 123 69 36 0 0 -1
601 2 944 374 48 43 0 0 -1
602 1 762 123 69 36 0 0 -1
602 2 940 376 52 31 0 0 -1
603 1 754 118 69 36 0 0 -1
603 2 940 361 51 34 0 0 -1
604 1 749 118 69 36 0 0 -1
604 2 943 361 47 33 0 0 -1
605 1 749 118 69 36 0 0 -1
605 2 940 351 48 35 0 0 -1
606 1 744 118 69 36 0 0 -1
606 2 940 347 52 39 0 0 -1
607 1 739 113 69 36 0 0 -1
607 2 937 342 51 38 0 0 -1
608 1 734 113 69 36 0 0 -1
608 2 937 340 50 36 0 0 -1
609 1 729 111 69 38 0 0 -1
609 2 935 334 50 35 0 0 -1
610 1 724 111 69 38 0 0 -1
610 2 936 334 46 32 0 0 -1
611 1 724 111 69 38 0 0 -1
611 2 934 327 48 41 0 0 -1
612 1 714 111 69 38 0 0 -1
612 2 934 326 49 34 0 0 -1
613 1 707 111 71 38 0 0 -1
613 2 928 326 50 35 0 0 -1
614 1 701 111 72 38 0 0 -1
614 2 934 322 44 41 0 0 -1
615 1 691 111 72 38 0 0 -1
615 2 930 317 40 39 0 0 -1
616 1 686 111 72 38 0 0 -1
616 2 930 315 43 44 0 0 -1
617 1 686 111 72 38 0 0 -1
617 2 924 314 40 39 0 0 -1
618 1 681 111 72 38 0 0 -1
618 2 923 312 42 45 0 0 -1
619 1 671 111 72 38 0 0 -1
619 2 917 306 43 46 0 0 -1
620 1 666 106 72 38 0 0 -1
620 2 913 310 45 46 0 0 -1
621 1 661 106 72 38 0 0 -1
621 2 905 308 43 44 0 0 -1
622 1 656 101 72 38 0 0 -1
622 2 902 309 49 40 0 0 -1
623 1 651 101 72 38 0 0 -1
623 2 889 310 47 38 0 0 -1
624 1 646 101 72 38 0 0 -1
624 2 890 309 45 43 0 0 -1
625 1 635 99 78 38 0 0 -1
625 2 876 312 46 39 0 0 -1
626 1 630 99 78 38 0 0 -1
626 2 875 312 49 40 0 0 -1
627 1 625 94 78 38 0 0 -1
627 2 858 310 51 43 0 0 -1
628 1 615 94 78 38 0 0 -1
628 2 862 313 47 35 0 0 -1
629 1 615 94 78 38 0 0 -1
629 2 838 310 54 41 0 0 -1
630 1 605 94 78 38 0 0 -1
630 2 839 312 49 40 0 0 -1
631 1 600 94 78 38 0 0 -1
631 2 824 318 49 38 0 0 -1
632 1 594 91 82 41 0 0 -1
632 2 828 315 45 38 0 0 -1
633 1 584 91 82 41 0 0 -1
633 2 804 317 47 34 0 0 -1
634 1 579 91 82 41 0 0 -1
634 2 805 318 44 38 0 0 -1
635 1 579 91 82 41 0 0 -1
635 2 784 321 42 30 0 0 -1
636 1 574 91 82 41 0 0 -1
636 2 787 319 39 34 0 0 -1
637 1 564 93 84 39 0 0 -1
637 2 764 322 43 29 0 0 -1
638 1 559 93 84 39 0 0 -1
638 2 765 323 42 29 0 0 -1
639 1 549 98 84 39 0 0 -1
639 2 735 319 51 33 0 0 -1
640 1 544 98 84 39 0 0 -1
640 2 737 324 51 31 0 0 -1
641 1 539 98 84 39 0 0 -1
641 2 722 323 43 32 0 0 -1
642 1 539 98 84 39 0 0 -1
642 2 718 321 47 36 0 0 -1
643 1 529 103 84 39 0 0 -1
643 2 692 319 53 38 0 0 -1
644 1 519 105 84 39 0 0 -1
644 2 692 322 52 34 0 0 -1
645 1 514 105 84 39 0 0 -1
645 2 669 329 55 34 0 0 -1
646 1 504 110 84 39 0 0 -1
646 2 671 330 47 31 0 0 -1
647 1 494 110 84 39 0 0 -1
647 2 650 336 49 38 0 0 -1
648 1 494 112 84 39 0 0 -1
648 2 646 339 56 34 0 0 -1
649 1 485 116 88 40 0 0 -1
649 2 630 349 55 36 0 0 -1
650 1 475 116 88 40 0 0 -1
650 2 628 347 55 36 0 0 -1
651 1 466 121 88 40 0 0 -1
651 2 613 360 53 38 0 0 -1
652 1 456 126 88 40 0 0 -1
652 2 615 361 52 37 0 0 -1
653 1 451 126 88 40 0 0 -1
653 2 595 376 52 36 0 0 -1
654 1 451 126 88 40 0 0 -1
654 2 594 376 55 39 0 0 -1
655 1 441 126 88 40 0 0 -1
655 2 579 387 53 41 0 0 -1
656 1 431 131 88 40 0 0 -1
656 2 579 387 50 37 0 0 -1
657 1 426 131 88 40 0 0 -1
657 2 567 402 50 43 0 0 -1
658 1 416 136 88 40 0 0 -1
658 2 567 404 49 38 0 0 -1
659 1 406 136 88 40 0 0 -1
659 2 554 419 53 42 0 0 -1
660 1 406 136 88 40 0 0 -1
660 2 553 421 50 40 0 0 -1
661 1 401 141 88 40 0 0 -1
661 2 547 432 48 42 0 0 -1
662 1 391 141 88 40 0 0 -1
662 2 543 432 52 46 0 0 -1
663 1 386 141 88 40 0 0 -1
663 2 536 449 56 42 0 0 -1
664 1 381 146 88 40 0 0 -1
664 2 535 446 53 41 0 0 -1
665 1 372 150 88 40 0 0 -1
665 2 535 461 48 35 0 0 -1
666 1 372 150 88 40 0 0 -1
666 2 532 462 47 35 0 0 -1
667 1 367 150 88 40 0 0 -1
667 2 531 474 52 27 0 0 -1
668 1 357 155 88 40 0 0 -1
668 2 528 475 54 30 0 0 -1
669 1 352 155 88 40 0 0 -1
669 2 528 480 43 28 0 0 -1
670 1 347 155 88 40 0 0 -1
670 2 528 482 42 28 0 0 -1
671 1 342 160 88 40 0 0 -1
671 2 524 482 46 36 0 0 -1
672 1 342 160 88 40 0 0 -1
672 2 524 483 45 35 0 0 -1
673 1 337 160 88 40 0 0 -1
673 2 518 485 47 33 0 0 -1
674 1 332 160 88 40 0 0 -1
674 2 520 484 42 33 0 0 -1
675 1 327 160 88 40 0 0 -1
675 2 511 487 43 31 0 0 -1
676 1 322 165 88 40 0 0 -1
676 2 513 488 44 33 0 0 -1
677 1 317 165 88 40 0 0 -1
677 2 501 488 47 31 0 0 -1
678 1 317 165 88 40 0 0 -1
678 2 501 488 47 31 0 0 -1
679 1 307 165 88 40 0 0 -1
679 2 490 491 46 27 0 0 -1
680 1 307 165 88 40 0 0 -1
680 2 490 489 50 30 0 0 -1
681 1 302 170 88 40 0 0 -1
681 2 479 489 49 28 0 0 -1
682 1 297 175 88 40 0 0 -1
682 2 479 492 49 26 0 0 -1
683 1 292 175 88 40 0 0 -1
683 2 463 488 55 31 0 0 -1
684 1 292 175 88 40 0 0 -1
684 2 465 489 49 30 0 0 -1
685 1 287 175 88 40 0 0 -1
685 2 455 487 51 34 0 0 -1
686 1 282 175 88 40 0 0 -1
686 2 455 487 47 34 0 0 -1
687 1 277 175 88 40 0 0 -1
687 2 439 484 51 34 0 0 -1
688 1 277 175 88 40 0 0 -1
688 2 442 487 54 32 0 0 -1
689 1 272 180 88 40 0 0 -1
689 2 430 484 51 35 0 0 -1
690 1 272 180 88 40 0 0 -1
690 2 431 484 48 30 0 0 -1
691 1 267 180 88 40 0 0 -1
691 2 424 480 48 33 0 0 -1
692 1 262 180 88 40 0 0 -1
692 2 424 480 52 36 0 0 -1
693 1 257 180 88 40 0 0 -1
693 2 414 478 45 34 0 0 -1
694 1 257 180 88 40 0 0 -1
694 2 418 478 45 36 0 0 -1
695 1 252 175 88 40 0 0 -1
695 2 414 476 44 36 0 0 -1
696 1 252 175 88 40 0 0 -1
696 2 414 472 45 38 0 0 -1
697 1 247 175 88 40 0 0 -1
697 2 411 472 48 38 0 0 -1
698 1 247 175 88 40 0 0 -1
698 2 411 474 47 39 0 0 -1
699 1 247 175 88 40 0 0 -1
699 2 411 471 47 42 0 0 -1
700 1 242 175 88 40 0 0 -1
700 2 412 471 46 38 0 0 -1
701 1 237 175 88 40 0 0 -1
701 2 413 470 43 36 0 0 -1
702 1 237 175 88 40 0 0 -1
702 2 411 467 43 39 0 0 -1
703 1 237 175 88 40 0 0 -1
703 2 413 465 49 40 0 0 -1
704 1 237 175 88 40 0 0 -1
704 2 416 465 51 43 0 0 -1
705 1 237 175 88 40 0 0 -1
705 2 425 465 48 41 0 0 -1
706 1 237 175 88 40 0 0 -1
706 2 425 467 44 37 0 0 -1
707 1 237 175 88 40 0 0 -1
707 2 433 468 51 36 0 0 -1
708 1 237 175 88 40 0 0 -1
708 2 435 467 46 37 0 0 -1
709 1 237 175 88 40 0 0 -1
709 2 443 466 56 36 0 0 -1
710 1 232 175 88 40 0 0 -1
710 2 444 467 50 37 0 0 -1
711 1 237 175 88 40 0 0 -1
711 2 460 467 49 34 0 0 -1
712 1 237 175 88 40 0 0 -1
712 2 458 466 52 34 0 0 -1
713 1 232 175 88 40 0 0 -1
713 2 475 465 51 34 0 0 -1
714 1 232 175 88 40 0 0 -1
714 2 472 467 48 34 0 0 -1
715 1 232 175 88 40 0 0 -1
715 2 484 472 51 29 0 0 -1
716 1 232 180 88 40 0 0 -1
716 2 484 474 49 27 0 0 -1
717 1 232 185 88 40 0 0 -1
717 2 497 474 51 26 0 0 -1
718 1 232 190 88 40 0 0 -1
718 2 499 472 46 29 0 0 -1
719 1 227 195 88 40 0 0 -1
719 2 509 472 49 32 0 0 -1
720 1 227 195 88 40 0 0 -1
720 2 509 474 48 31 0 0 -1
721 1 217 195 88 40 0 0 -1
721 2 527 479 42 29 0 0 -1
722 1 217 200 88 40 0 0 -1
722 2 526 480 43 28 0 0 -1
723 1 218 200 80 40 0 0 -1
723 2 539 487 39 26 0 0 -1
724 1 213 200 80 40 0 0 -1
724 2 537 487 40 29 0 0 -1
725 1 213 200 80 40 0 0 -1
725 2 547 492 40 31 0 0 -1
726 1 213 200 80 40 0 0 -1
726 2 547 493 43 34 0 0 -1
727 1 208 200 80 40 0 0 -1
727 2 552 502 46 32 0 0 -1
728 1 203 200 80 40 0 0 -1
728 2 553 502 42 32 0 0 -1
729 1 198 200 80 40 0 0 -1
729 2 560 509 44 33 0 0 -1
730 1 202 200 70 40 0 0 -1
730 2 558 508 41 30 0 0 -1
731 1 202 200 70 40 0 0 -1
731 2 558 521 47 28 0 0 -1
732 1 202 200 70 40 0 0 -1
732 2 560 518 40 31 0 0 -1
733 1 197 195 70 40 0 0 -1
733 2 558 525 50 34 0 0 -1
734 1 192 195 70 40 0 0 -1
734 2 560 530 47 26 0 0 -1
735 1 187 195 70 40 0 0 -1
735 2 561 534 47 32 0 0 -1
736 1 187 195 70 40 0 0 -1
736 2 560 536 48 32 0 0 -1
737 1 182 200 70 40 0 0 -1
737 2 562 542 45 31 0 0 -1
738 1 182 200 70 40 0 0 -1
738 2 560 542 47 34 0 0 -1
739 1 177 200 70 40 0 0 -1
739 2 560 547 47 29 0 0 -1
740 1 177 205 70 40 0 0 -1
740 2 561 546 47 32 0 0 -1
741 1 172 205 70 40 0 0 -1
741 2 557 548 54 30 0 0 -1
742 1 172 205 70 40 0 0 -1
742 2 558 547 47 33 0 0 -1
743 1 167 210 70 40 0 0 -1
743 2 558 551 53 30 0 0 -1
744 1 167 210 70 40 0 0 -1
744 2 557 549 52 29 0 0 -1
745 1 167 210 70 40 0 0 -1
745 2 558 552 51 31 0 0 -1
746 1 167 215 70 40 0 0 -1
746 2 560 551 52 32 0 0 -1
747 1 167 215 70 40 0 0 -1
747 2 557 548 54 35 0 0 -1
748 1 167 225 70 40 0 0 -1
748 2 557 548 51 39 0 0 -1
749 1 167 230 70 40 0 0 -1
749 2 560 547 53 39 0 0 -1
750 1 167 230 70 40 0 0 -1
750 2 560 548 55 38 0 0 -1
751 1 167 230 70 40 0 0 -1
751 2 569 547 51 42 0 0 -1
752 1 167 235 70 40 0 0 -1
752 2 568 548 48 39 0 0 -1
753 1 172 240 70 40 0 0 -1
753 2 575 549 50 40 0 0 -1
754 1 172 245 70 40 0 0 -1
754 2 574 549 44 41 0 0 -1
755 1 172 250 70 40 0 0 -1
755 2 582 549 52 42 0 0 -1
756 1 172 250 70 40 0 0 -1
756 2 583 549 54 42 0 0 -1
757 1 172 259 75 40 0 0 -1
757 2 594 555 53 40 0 0 -1
758 1 172 259 75 40 0 0 -1
758 2 596 552 53 42 0 0 -1
759 1 172 269 75 40 0 0 -1
759 2 607 555 60 42 0 0 -1
760 1 172 269 75 40 0 0 -1
760 2 608 555 55 39 0 0 -1
761 1 172 274 75 40 0 0 -1
761 2 623 553 57 42 0 0 -1
762 1 172 274 75 40 0 0 -1
762 2 622 557 57 37 0 0 -1
763 1 172 279 75 40 0 0 -1
763 2 642 559 55 36 0 0 -1
764 1 177 284 75 40 0 0 -1
764 2 639 556 53 39 0 0 -1
765 1 177 284 75 40 0 0 -1
765 2 658 555 56 42 0 0 -1
766 1 177 284 75 40 0 0 -1
766 2 659 556 52 39 0 0 -1
767 1 177 284 75 40 0 0 -1
767 2 675 555 57 44 0 0 -1
768 1 177 289 75 40 0 0 -1
768 2 676 557 55 45 0 0 -1
769 1 170 290 82 40 0 0 -1
769 2 697 559 50 38 0 0 -1
770 1 170 290 82 40 0 0 -1
770 2 697 559 55 35 0 0 -1
771 1 170 295 82 40 0 0 -1
771 2 718 559 57 40 0 0 -1
772 1 170 295 82 40 0 0 -1
772 2 720 557 50 41 0 0 -1
773 1 170 295 82 40 0 0 -1
773 2 739 561 57 38 0 0 -1
774 1 170 295 82 40 0 0 -1
774 2 737 561 59 38 0 0 -1
775 1 170 295 82 40 0 0 -1
775 2 761 564 61 36 0 0 -1
776 1 170 295 82 40 0 0 -1
776 2 764 561 54 38 0 0 -1
777 1 170 295 82 40 0 0 -1
777 2 787 564 54 40 0 0 -1
778 1 170 295 82 40 0 0 -1
778 2 786 564 53 39 0 0 -1
779 1 170 295 82 40 0 0 -1
779 2 812 566 56 40 0 0 -1
780 1 170 295 82 40 0 0 -1
780 2 813 568 54 36 0 0 -1
