1 1 929 559 243 142 0 0 -1
1 2 947 380 58 34 0 0 -1
2 1 932 556 243 147 0 0 -1
2 2 945 380 60 27 0 0 -1
3 1 927 558 242 146 0 0 -1
3 2 947 377 58 31 0 0 -1
4 1 926 559 241 141 0 0 -1
4 2 947 374 62 30 0 0 -1
5 1 921 561 239 140 0 0 -1
5 2 948 372 63 32 0 0 -1
6 1 924 558 230 140 0 0 -1
6 2 947 368 62 36 0 0 -1
7 1 916 560 230 140 0 0 -1
7 2 949 369 59 30 0 0 -1
8 1 918 560 230 140 0 0 -1
8 2 948 366 60 31 0 0 -1
9 1 910 560 230 140 0 0 -1
9 2 953 366 55 33 0 0 -1
10 1 906 562 230 133 0 0 -1
10 2 949 365 56 33 0 0 -1
11 1 905 558 225 133 0 0 -1
11 2 953 364 59 35 0 0 -1
12 1 899 558 224 133 0 0 -1
12 2 952 368 60 30 0 0 -1
13 1 896 558 218 127 0 0 -1
13 2 953 366 62 32 0 0 -1
14 1 896 561 222 125 0 0 -1
14 2 952 365 63 32 0 0 -1
15 1 890 561 222 125 0 0 -1
15 2 951 365 68 30 0 0 -1
16 1 888 559 216 125 0 0 -1
16 2 957 364 60 34 0 0 -1
17 1 886 552 216 125 0 0 -1
17 2 957 368 56 29 0 0 -1
18 1 886 554 211 122 0 0 -1
18 2 956 365 61 30 0 0 -1
19 1 886 552 211 122 0 0 -1
19 2 956 369 61 26 0 0 -1
20 1 881 551 211 122 0 0 -1
20 2 954 364 63 31 0 0 -1
21 1 881 549 211 120 0 0 -1
21 2 958 363 61 32 0 0 -1
22 1 881 549 211 120 0 0 -1
22 2 958 365 58 33 0 0 -1
23 1 885 544 207 122 0 0 -1
23 2 957 365 62 30 0 0 -1
24 1 891 544 201 116 0 0 -1
24 2 957 366 63 31 0 0 -1
25 1 897 544 200 116 0 0 -1
25 2 960 366 60 31 0 0 -1
26 1 897 544 200 116 0 0 -1
26 2 961 365 55 32 0 0 -1
27 1 902 544 200 116 0 0 -1
27 2 958 363 61 32 0 0 -1
28 1 907 544 200 116 0 0 -1
28 2 958 365 57 32 0 0 -1
29 1 912 539 200 116 0 0 -1
29 2 960 364 53 30 0 0 -1
30 1 922 539 196 116 0 0 -1
30 2 964 363 53 32 0 0 -1
31 1 927 539 196 116 0 0 -1
31 2 958 360 58 34 0 0 -1
32 1 927 539 196 116 0 0 -1
32 2 958 361 55 33 0 0 -1
33 1 937 539 191 110 0 0 -1
33 2 956 363 57 28 0 0 -1
34 1 942 539 191 110 0 0 -1
34 2 957 361 51 32 0 0 -1
35 1 942 539 191 110 0 0 -1
35 2 954 357 57 34 0 0 -1
36 1 947 544 191 105 0 0 -1
36 2 954 359 57 31 0 0 -1
37 1 947 549 191 105 0 0 -1
37 2 956 359 49 31 0 0 -1
38 1 950 549 183 105 0 0 -1
38 2 954 361 50 28 0 0 -1
39 1 950 555 183 99 0 0 -1
39 2 948 357 61 33 0 0 -1
40 1 950 560 183 102 0 0 -1
40 2 953 355 55 31 0 0 -1
41 1 950 560 183 99 0 0 -1
41 2 951 356 53 29 0 0 -1
42 1 950 565 181 99 0 0 -1
42 2 949 356 56 29 0 0 -1
43 1 950 570 181 99 0 0 -1
43 2 948 355 56 28 0 0 -1
44 1 950 570 181 99 0 0 -1
44 2 945 352 57 29 0 0 -1
45 1 950 575 181 99 0 0 -1
45 2 943 351 59 32 0 0 -1
46 1 945 575 181 99 0 0 -1
46 2 943 353 53 28 0 0 -1
47 1 940 580 181 99 0 0 -1
47 2 941 352 54 26 0 0 -1
48 1 940 585 181 99 0 0 -1
48 2 940 352 56 28 0 0 -1
49 1 940 585 181 99 0 0 -1
49 2 936 349 62 28 0 0 -1
50 1 940 585 181 99 0 0 -1
50 2 937 348 58 29 0 0 -1
51 1 940 585 181 99 0 0 -1
51 2 939 344 57 33 0 0 -1
52 1 940 585 181 99 0 0 -1
52 2 939 344 55 29 0 0 -1
53 1 940 580 181 99 0 0 -1
53 2 937 344 53 26 0 0 -1
54 1 940 580 181 99 0 0 -1
54 2 935 343 55 29 0 0 -1
55 1 940 580 181 99 0 0 -1
55 2 934 342 54 31 0 0 -1
56 1 940 580 181 99 0 0 -1
56 2 934 343 52 26 0 0 -1
57 1 935 580 181 99 0 0 -1
57 2 930 339 57 29 0 0 -1
58 1 935 575 181 99 0 0 -1
58 2 930 340 58 28 0 0 -1
59 1 930 570 181 99 0 0 -1
59 2 928 340 55 28 0 0 -1
60 1 930 570 181 99 0 0 -1
60 2 928 336 59 32 0 0 -1
61 1 926 565 185 99 0 0 -1
61 2 923 334 67 35 0 0 -1
62 1 926 565 185 99 0 0 -1
62 2 926 333 60 35 0 0 -1
63 1 921 557 190 107 0 0 -1
63 2 924 332 62 36 0 0 -1
64 1 916 552 190 107 0 0 -1
64 2 922 331 59 32 0 0 -1
65 1 911 547 190 107 0 0 -1
65 2 923 330 59 30 0 0 -1
66 1 896 542 190 107 0 0 -1
66 2 922 330 59 31 0 0 -1
67 1 886 537 190 107 0 0 -1
67 2 920 330 59 30 0 0 -1
68 1 881 537 195 107 0 0 -1
68 2 920 329 61 30 0 0 -1
69 1 871 532 195 107 0 0 -1
69 2 919 329 55 28 0 0 -1
70 1 856 532 195 107 0 0 -1
70 2 920 326 55 30 0 0 -1
71 1 846 527 195 107 0 0 -1
71 2 923 325 50 31 0 0 -1
72 1 825 522 206 107 0 0 -1
72 2 919 326 54 27 0 0 -1
73 1 815 517 206 107 0 0 -1
73 2 922 325 55 30 0 0 -1
74 1 815 517 206 107 0 0 -1
74 2 922 327 53 29 0 0 -1
75 1 799 505 217 114 0 0 -1
75 2 915 322 58 30 0 0 -1
76 1 789 500 217 114 0 0 -1
76 2 914 322 61 30 0 0 -1
77 1 779 484 217 125 0 0 -1
77 2 917 321 60 34 0 0 -1
78 1 774 479 217 125 0 0 -1
78 2 920 321 50 31 0 0 -1
79 1 764 484 217 125 0 0 -1
79 2 918 323 60 29 0 0 -1
80 1 764 484 217 125 0 0 -1
80 2 914 322 61 30 0 0 -1
81 1 756 504 220 125 0 0 -1
81 2 922 322 51 30 0 0 -1
82 1 751 514 220 125 0 0 -1
82 2 918 318 52 34 0 0 -1
83 1 732 519 239 134 0 0 -1
83 2 918 319 55 32 0 0 -1
84 1 727 519 239 134 0 0 -1
84 2 920 321 58 31 0 0 -1
85 1 729 519 242 134 0 0 -1
85 2 919 318 59 31 0 0 -1
86 1 729 519 242 134 0 0 -1
86 2 918 321 57 26 0 0 -1
87 1 739 529 242 134 0 0 -1
87 2 922 320 55 26 0 0 -1
88 1 749 534 248 139 0 0 -1
88 2 920 321 57 28 0 0 -1
89 1 759 539 261 139 0 0 -1
89 2 920 318 53 31 0 0 -1
90 1 774 579 273 154 0 0 -1
90 2 919 319 62 29 0 0 -1
91 1 779 664 273 154 0 0 -1
91 2 920 318 61 31 0 0 -1
92 1 779 664 273 154 0 0 -1
92 2 923 319 62 30 0 0 -1
93 1 799 683 258 145 0 0 -1
93 2 928 319 49 29 0 0 -1
94 1 804 688 266 145 0 0 -1
94 2 924 318 59 31 0 0 -1
95 1 814 693 280 150 0 0 -1
95 2 923 319 60 30 0 0 -1
96 1 829 698 280 150 0 0 -1
96 2 927 317 54 31 0 0 -1
97 1 839 703 280 150 0 0 -1
97 2 924 319 63 30 0 0 -1
98 1 839 703 280 150 0 0 -1
98 2 926 321 55 30 0 0 -1
99 1 854 701 280 157 0 0 -1
99 2 926 318 60 33 0 0 -1
100 1 869 706 280 157 0 0 -1
100 2 931 318 56 30 0 0 -1
101 1 874 706 280 157 0 0 -1
101 2 927 322 60 26 0 0 -1
102 1 889 706 280 157 0 0 -1
102 2 930 319 58 29 0 0 -1
103 1 904 706 280 157 0 0 -1
103 2 930 319 56 33 0 0 -1
104 1 904 706 280 157 0 0 -1
104 2 924 321 63 31 0 0 -1
105 1 919 706 280 157 0 0 -1
105 2 930 322 57 27 0 0 -1
106 1 924 702 280 151 0 0 -1
106 2 930 321 58 31 0 0 -1
107 1 929 702 280 151 0 0 -1
107 2 934 318 54 33 0 0 -1
108 1 944 698 273 149 0 0 -1
108 2 932 318 56 33 0 0 -1
109 1 959 691 273 156 0 0 -1
109 2 934 318 54 33 0 0 -1
110 1 959 693 273 149 0 0 -1
110 2 931 317 56 35 0 0 -1
111 1 969 688 273 149 0 0 -1
111 2 930 319 55 37 0 0 -1
112 1 974 688 273 149 0 0 -1
112 2 932 318 55 38 0 0 -1
113 1 979 693 273 149 0 0 -1
113 2 931 317 56 38 0 0 -1
114 1 989 691 267 146 0 0 -1
114 2 931 323 50 30 0 0 -1
115 1 1004 691 262 142 0 0 -1
115 2 930 321 51 36 0 0 -1
116 1 1004 691 262 142 0 0 -1
116 2 924 322 53 37 0 0 -1
117 1 1014 691 262 142 0 0 -1
117 2 927 319 58 41 0 0 -1
118 1 1019 691 262 142 0 0 -1
118 2 919 326 55 31 0 0 -1
119 1 1026 696 255 137 0 0 -1
119 2 917 322 60 37 0 0 -1
120 1 1031 696 255 137 0 0 -1
120 2 910 322 61 38 0 0 -1
121 1 1036 696 255 137 0 0 -1
121 2 906 325 59 35 0 0 -1
122 1 1036 696 255 137 0 0 -1
122 2 906 323 56 40 0 0 -1
123 1 1041 696 255 137 0 0 -1
123 2 902 326 55 37 0 0 -1
124 1 1051 701 245 137 0 0 -1
124 2 897 323 54 41 0 0 -1
125 1 1066 696 245 137 0 0 -1
125 2 893 326 54 38 0 0 -1
126 1 1081 696 245 137 0 0 -1
126 2 892 329 51 35 0 0 -1
127 1 1085 699 245 137 0 0 -1
127 2 883 330 57 33 0 0 -1
128 1 1085 699 245 137 0 0 -1
128 2 880 329 54 36 0 0 -1
129 1 1085 699 245 137 0 0 -1
129 2 871 331 61 33 0 0 -1
130 1 1090 694 245 137 0 0 -1
130 2 864 330 62 36 0 0 -1
131 1 1095 684 245 137 0 0 -1
131 2 862 335 57 30 0 0 -1
132 1 1095 645 244 131 0 0 -1
132 2 858 335 53 30 0 0 -1
133 1 1095 595 244 131 0 0 -1
133 2 855 336 50 32 0 0 -1
134 1 1095 600 244 128 0 0 -1
134 2 847 338 58 30 0 0 -1
135 1 1095 545 244 128 0 0 -1
135 2 841 339 57 30 0 0 -1
136 1 1095 490 244 128 0 0 -1
136 2 837 336 51 32 0 0 -1
137 1 1100 450 232 128 0 0 -1
137 2 832 339 53 30 0 0 -1
138 1 1085 425 232 128 0 0 -1
138 2 828 339 49 34 0 0 -1
139 1 1060 405 232 128 0 0 -1
139 2 822 339 50 33 0 0 -1
140 1 1066 405 226 128 0 0 -1
140 2 817 338 54 34 0 0 -1
141 1 1026 380 226 128 0 0 -1
141 2 812 338 55 35 0 0 -1
142 1 990 357 226 128 0 0 -1
142 2 804 339 59 34 0 0 -1
143 1 939 348 222 127 0 0 -1
143 2 800 339 62 37 0 0 -1
144 1 885 344 222 127 0 0 -1
144 2 799 341 60 37 0 0 -1
145 1 835 341 222 127 0 0 -1
145 2 795 340 55 34 0 0 -1
146 1 837 345 222 125 0 0 -1
146 2 791 338 59 39 0 0 -1
147 1 793 347 222 125 0 0 -1
147 2 787 340 60 37 0 0 -1
148 1 748 373 222 125 0 0 -1
148 2 786 342 60 38 0 0 -1
149 1 715 401 222 125 0 0 -1
149 2 786 340 56 40 0 0 -1
150 1 696 423 216 125 0 0 -1
150 2 783 342 58 38 0 0 -1
151 1 673 443 213 125 0 0 -1
151 2 779 343 63 37 0 0 -1
152 1 673 443 213 125 0 0 -1
152 2 779 344 62 34 0 0 -1
153 1 657 475 213 125 0 0 -1
153 2 776 348 62 34 0 0 -1
154 1 644 503 213 120 0 0 -1
154 2 775 344 63 37 0 0 -1
155 1 634 523 213 120 0 0 -1
155 2 777 347 62 35 0 0 -1
156 1 624 533 213 120 0 0 -1
156 2 777 347 53 34 0 0 -1
157 1 619 548 213 120 0 0 -1
157 2 775 346 60 36 0 0 -1
158 1 619 558 213 120 0 0 -1
158 2 775 348 59 34 0 0 -1
159 1 619 558 213 120 0 0 -1
159 2 773 349 61 33 0 0 -1
160 1 644 563 213 120 0 0 -1
160 2 771 348 61 33 0 0 -1
161 1 679 563 213 120 0 0 -1
161 2 770 348 68 34 0 0 -1
162 1 714 558 213 120 0 0 -1
162 2 773 347 61 39 0 0 -1
163 1 749 558 213 120 0 0 -1
163 2 770 352 64 33 0 0 -1
164 1 779 558 213 120 0 0 -1
164 2 770 348 64 35 0 0 -1
165 1 783 558 204 120 0 0 -1
165 2 767 348 66 35 0 0 -1
166 1 799 558 213 120 0 0 -1
166 2 770 349 60 34 0 0 -1
167 1 828 558 204 120 0 0 -1
167 2 765 347 69 36 0 0 -1
168 1 843 558 204 120 0 0 -1
168 2 767 348 59 32 0 0 -1
169 1 853 558 204 120 0 0 -1
169 2 769 349 59 31 0 0 -1
170 1 863 558 199 103 0 0 -1
170 2 767 347 65 31 0 0 -1
171 1 863 558 196 103 0 0 -1
171 2 766 351 66 30 0 0 -1
172 1 868 558 196 103 0 0 -1
172 2 765 349 61 31 0 0 -1
173 1 863 558 197 101 0 0 -1
173 2 765 348 61 33 0 0 -1
174 1 866 558 192 97 0 0 -1
174 2 769 349 61 29 0 0 -1
175 1 866 553 185 100 0 0 -1
175 2 764 346 65 32 0 0 -1
176 1 861 553 185 94 0 0 -1
176 2 765 344 57 34 0 0 -1
177 1 861 553 185 91 0 0 -1
177 2 766 347 56 30 0 0 -1
178 1 850 543 183 97 0 0 -1
178 2 769 347 57 27 0 0 -1
179 1 842 541 183 88 0 0 -1
179 2 767 347 59 27 0 0 -1
180 1 837 541 183 88 0 0 -1
180 2 766 342 58 32 0 0 -1
181 1 827 536 183 88 0 0 -1
181 2 767 346 55 27 0 0 -1
182 1 822 531 178 88 0 0 -1
182 2 769 346 52 28 0 0 -1
183 1 822 531 178 88 0 0 -1
183 2 766 343 56 31 0 0 -1
184 1 807 531 178 88 0 0 -1
184 2 762 343 62 31 0 0 -1
185 1 797 526 178 88 0 0 -1
185 2 766 344 58 32 0 0 -1
186 1 787 521 178 88 0 0 -1
186 2 765 346 60 26 0 0 -1
187 1 777 516 178 88 0 0 -1
187 2 765 342 56 31 0 0 -1
188 1 767 506 178 88 0 0 -1
188 2 765 342 56 31 0 0 -1
189 1 767 511 178 88 0 0 -1
189 2 766 343 55 29 0 0 -1
190 1 762 511 178 88 0 0 -1
190 2 766 340 58 33 0 0 -1
191 1 762 511 178 88 0 0 -1
191 2 767 342 53 34 0 0 -1
192 1 757 516 178 88 0 0 -1
192 2 765 340 60 33 0 0 -1
193 1 752 541 178 88 0 0 -1
193 2 765 340 59 34 0 0 -1
194 1 762 551 178 88 0 0 -1
194 2 764 340 58 32 0 0 -1
195 1 762 551 178 88 0 0 -1
195 2 765 339 57 31 0 0 -1
196 1 777 566 178 88 0 0 -1
196 2 767 342 58 31 0 0 -1
197 1 792 581 178 88 0 0 -1
197 2 762 340 60 32 0 0 -1
198 1 807 591 178 88 0 0 -1
198 2 762 343 59 29 0 0 -1
199 1 832 601 178 88 0 0 -1
199 2 767 342 54 30 0 0 -1
200 1 842 606 178 88 0 0 -1
200 2 764 343 56 29 0 0 -1
201 1 847 606 173 88 0 0 -1
201 2 765 340 53 33 0 0 -1
202 1 852 606 173 88 0 0 -1
202 2 764 342 56 31 0 0 -1
203 1 867 606 173 88 0 0 -1
203 2 769 340 51 30 0 0 -1
204 1 877 606 173 88 0 0 -1
204 2 766 342 51 30 0 0 -1
205 1 887 606 173 88 0 0 -1
205 2 767 342 51 32 0 0 -1
206 1 897 606 173 88 0 0 -1
206 2 765 342 61 30 0 0 -1
207 1 897 606 173 88 0 0 -1
207 2 764 344 58 28 0 0 -1
208 1 897 596 173 88 0 0 -1
208 2 767 342 54 32 0 0 -1
209 1 902 601 173 88 0 0 -1
209 2 764 343 58 31 0 0 -1
210 1 907 601 173 88 0 0 -1
210 2 762 344 60 30 0 0 -1
211 1 902 591 173 88 0 0 -1
211 2 764 344 64 32 0 0 -1
212 1 902 587 173 92 0 0 -1
212 2 764 342 58 34 0 0 -1
213 1 902 587 173 92 0 0 -1
213 2 765 343 60 33 0 0 -1
214 1 902 582 173 92 0 0 -1
214 2 765 346 53 28 0 0 -1
215 1 902 582 173 92 0 0 -1
215 2 764 343 54 33 0 0 -1
216 1 892 572 173 92 0 0 -1
216 2 765 344 55 32 0 0 -1
217 1 892 562 173 92 0 0 -1
217 2 765 346 56 30 0 0 -1
218 1 887 562 173 92 0 0 -1
218 2 767 346 53 31 0 0 -1
219 1 887 562 173 92 0 0 -1
219 2 766 344 55 30 0 0 -1
220 1 882 562 173 92 0 0 -1
220 2 769 343 56 37 0 0 -1
221 1 882 562 173 92 0 0 -1
221 2 764 346 56 28 0 0 -1
222 1 877 567 173 92 0 0 -1
222 2 769 347 49 27 0 0 -1
223 1 867 572 173 92 0 0 -1
223 2 762 348 59 29 0 0 -1
224 1 862 572 173 92 0 0 -1
224 2 764 347 58 29 0 0 -1
225 1 862 572 173 92 0 0 -1
225 2 766 347 54 27 0 0 -1
226 1 862 577 173 92 0 0 -1
226 2 767 346 49 30 0 0 -1
227 1 857 577 173 92 0 0 -1
227 2 761 348 56 29 0 0 -1
228 1 852 577 173 92 0 0 -1
228 2 762 346 53 30 0 0 -1
229 1 842 577 173 92 0 0 -1
229 2 766 346 47 30 0 0 -1
230 1 842 577 173 92 0 0 -1
230 2 766 346 51 30 0 0 -1
231 1 842 577 173 92 0 0 -1
231 2 761 344 54 33 0 0 -1
232 1 832 582 173 92 0 0 -1
232 2 757 347 56 30 0 0 -1
233 1 822 582 173 92 0 0 -1
233 2 760 346 55 31 0 0 -1
234 1 817 582 173 92 0 0 -1
234 2 758 344 58 32 0 0 -1
235 1 807 582 173 92 0 0 -1
235 2 758 346 55 31 0 0 -1
236 1 802 577 173 92 0 0 -1
236 2 758 344 53 30 0 0 -1
237 1 797 577 173 92 0 0 -1
237 2 757 343 59 33 0 0 -1
238 1 792 577 173 92 0 0 -1
238 2 757 347 60 30 0 0 -1
239 1 797 577 173 92 0 0 -1
239 2 756 348 60 29 0 0 -1
240 1 802 577 173 92 0 0 -1
240 2 758 344 55 33 0 0 -1
241 1 791 577 179 92 0 0 -1
241 2 760 347 56 29 0 0 -1
242 1 786 572 179 92 0 0 -1
242 2 760 344 55 34 0 0 -1
243 1 786 572 179 92 0 0 -1
243 2 757 347 59 30 0 0 -1
244 1 791 567 179 92 0 0 -1
244 2 756 344 59 34 0 0 -1
245 1 791 557 179 92 0 0 -1
245 2 761 344 54 34 0 0 -1
246 1 791 552 179 92 0 0 -1
246 2 758 343 57 31 0 0 -1
247 1 791 547 179 92 0 0 -1
247 2 758 343 57 35 0 0 -1
248 1 791 547 179 92 0 0 -1
248 2 754 346 59 31 0 0 -1
249 1 791 542 179 92 0 0 -1
249 2 758 344 54 32 0 0 -1
250 1 791 542 179 92 0 0 -1
250 2 754 346 62 31 0 0 -1
251 1 791 537 179 92 0 0 -1
251 2 758 346 57 27 0 0 -1
252 1 791 537 179 92 0 0 -1
252 2 756 344 61 30 0 0 -1
253 1 791 537 179 92 0 0 -1
253 2 756 343 59 31 0 0 -1
254 1 786 537 179 92 0 0 -1
254 2 758 342 58 32 0 0 -1
255 1 791 537 179 92 0 0 -1
255 2 758 342 55 32 0 0 -1
256 1 791 537 179 92 0 0 -1
256 2 756 340 60 36 0 0 -1
257 1 785 537 185 92 0 0 -1
257 2 756 343 61 33 0 0 -1
258 1 780 537 185 92 0 0 -1
258 2 756 340 60 34 0 0 -1
259 1 775 537 185 92 0 0 -1
259 2 758 338 58 36 0 0 -1
260 1 785 547 185 92 0 0 -1
260 2 754 342 59 32 0 0 -1
261 1 785 547 185 92 0 0 -1
261 2 756 339 57 35 0 0 -1
262 1 780 557 185 92 0 0 -1
262 2 753 340 65 33 0 0 -1
263 1 775 557 185 92 0 0 -1
263 2 756 340 62 34 0 0 -1
264 1 785 557 185 92 0 0 -1
264 2 754 338 62 35 0 0 -1
265 1 810 572 185 92 0 0 -1
265 2 756 339 61 35 0 0 -1
266 1 810 577 185 92 0 0 -1
266 2 756 338 57 32 0 0 -1
267 1 810 577 185 92 0 0 -1
267 2 753 342 60 34 0 0 -1
268 1 810 583 185 86 0 0 -1
268 2 754 336 59 36 0 0 -1
269 1 825 593 185 86 0 0 -1
269 2 752 336 59 34 0 0 -1
270 1 825 593 185 86 0 0 -1
270 2 753 336 64 37 0 0 -1
271 1 825 593 185 86 0 0 -1
271 2 754 336 63 36 0 0 -1
272 1 820 583 185 86 0 0 -1
272 2 756 336 57 33 0 0 -1
273 1 820 583 185 86 0 0 -1
273 2 757 335 64 33 0 0 -1
274 1 820 583 185 86 0 0 -1
274 2 752 335 66 34 0 0 -1
275 1 820 583 185 86 0 0 -1
275 2 757 334 61 34 0 0 -1
276 1 810 578 185 86 0 0 -1
276 2 754 334 64 36 0 0 -1
277 1 795 573 185 86 0 0 -1
277 2 754 339 68 30 0 0 -1
278 1 790 573 185 86 0 0 -1
278 2 757 334 63 32 0 0 -1
279 1 790 573 185 86 0 0 -1
279 2 753 334 68 30 0 0 -1
280 1 780 563 185 86 0 0 -1
280 2 762 332 62 33 0 0 -1
281 1 770 558 185 86 0 0 -1
281 2 757 335 68 35 0 0 -1
282 1 755 553 185 86 0 0 -1
282 2 761 331 60 33 0 0 -1
283 1 745 543 185 86 0 0 -1
283 2 757 334 61 31 0 0 -1
284 1 740 538 185 86 0 0 -1
284 2 757 332 67 37 0 0 -1
285 1 735 538 185 86 0 0 -1
285 2 761 334 60 35 0 0 -1
286 1 730 533 185 81 0 0 -1
286 2 764 331 64 34 0 0 -1
287 1 725 528 185 81 0 0 -1
287 2 764 334 64 34 0 0 -1
288 1 715 523 185 81 0 0 -1
288 2 766 334 60 30 0 0 -1
289 1 710 523 179 81 0 0 -1
289 2 762 332 60 33 0 0 -1
290 1 705 528 179 81 0 0 -1
290 2 765 330 65 34 0 0 -1
291 1 705 528 179 81 0 0 -1
291 2 762 334 59 30 0 0 -1
292 1 710 528 179 81 0 0 -1
292 2 764 332 62 31 0 0 -1
293 1 720 533 179 81 0 0 -1
293 2 764 331 65 33 0 0 -1
294 1 735 533 179 81 0 0 -1
294 2 766 335 63 29 0 0 -1
295 1 755 538 179 75 0 0 -1
295 2 769 330 57 33 0 0 -1
296 1 770 543 179 75 0 0 -1
296 2 769 329 55 32 0 0 -1
297 1 770 543 179 75 0 0 -1
297 2 766 332 60 32 0 0 -1
298 1 800 548 179 75 0 0 -1
298 2 765 332 59 29 0 0 -1
299 1 830 553 179 75 0 0 -1
299 2 767 330 61 34 0 0 -1
300 1 850 553 179 75 0 0 -1
300 2 765 332 60 29 0 0 -1
301 1 890 568 179 75 0 0 -1
301 2 770 329 55 32 0 0 -1
302 1 915 568 179 75 0 0 -1
302 2 767 330 57 30 0 0 -1
303 1 915 568 179 75 0 0 -1
303 2 770 329 51 30 0 0 -1
304 1 935 568 179 75 0 0 -1
304 2 765 327 60 32 0 0 -1
305 1 950 568 179 75 0 0 -1
305 2 770 329 52 28 0 0 -1
306 1 965 573 179 75 0 0 -1
306 2 766 326 58 34 0 0 -1
307 1 985 573 179 75 0 0 -1
307 2 766 325 55 34 0 0 -1
308 1 1000 573 175 75 0 0 -1
308 2 764 326 57 33 0 0 -1
309 1 1000 573 175 75 0 0 -1
309 2 761 325 63 36 0 0 -1
310 1 1010 573 175 75 0 0 -1
310 2 764 326 61 35 0 0 -1
311 1 1010 573 175 75 0 0 -1
311 2 762 325 59 34 0 0 -1
312 1 1010 573 175 75 0 0 -1
312 2 766 327 56 36 0 0 -1
313 1 1010 573 175 75 0 0 -1
313 2 767 322 61 41 0 0 -1
314 1 1010 573 175 75 0 0 -1
314 2 761 325 64 36 0 0 -1
315 1 1010 573 175 75 0 0 -1
315 2 765 325 55 35 0 0 -1
316 1 1005 573 175 75 0 0 -1
316 2 770 326 52 34 0 0 -1
317 1 995 573 175 75 0 0 -1
317 2 766 327 56 36 0 0 -1
318 1 990 573 175 75 0 0 -1
318 2 762 327 67 33 0 0 -1
319 1 985 573 175 75 0 0 -1
319 2 765 326 56 34 0 0 -1
320 1 970 573 175 75 0 0 -1
320 2 766 325 55 35 0 0 -1
321 1 965 573 175 75 0 0 -1
321 2 766 323 56 36 0 0 -1
322 1 970 573 165 75 0 0 -1
322 2 767 325 53 34 0 0 -1
323 1 960 583 165 75 0 0 -1
323 2 771 325 51 36 0 0 -1
324 1 950 593 165 75 0 0 -1
324 2 767 322 57 41 0 0 -1
325 1 940 603 165 75 0 0 -1
325 2 773 325 49 36 0 0 -1
326 1 930 618 165 75 0 0 -1
326 2 774 326 48 35 0 0 -1
327 1 920 623 165 75 0 0 -1
327 2 773 325 51 34 0 0 -1
328 1 920 623 165 75 0 0 -1
328 2 769 326 59 34 0 0 -1
329 1 910 623 165 75 0 0 -1
329 2 773 326 51 33 0 0 -1
330 1 900 623 165 75 0 0 -1
330 2 777 323 49 37 0 0 -1
331 1 890 623 165 75 0 0 -1
331 2 778 325 51 32 0 0 -1
332 1 885 623 165 75 0 0 -1
332 2 778 327 55 32 0 0 -1
333 1 880 623 165 75 0 0 -1
333 2 779 321 51 38 0 0 -1
334 1 880 623 165 75 0 0 -1
334 2 779 321 50 38 0 0 -1
335 1 870 623 165 75 0 0 -1
335 2 782 325 50 35 0 0 -1
336 1 865 623 165 75 0 0 -1
336 2 779 323 55 36 0 0 -1
337 1 860 623 165 75 0 0 -1
337 2 782 323 53 34 0 0 -1
338 1 855 623 165 75 0 0 -1
338 2 782 325 52 31 0 0 -1
339 1 850 618 165 75 0 0 -1
339 2 786 323 56 33 0 0 -1
340 1 850 618 165 75 0 0 -1
340 2 779 322 66 34 0 0 -1
341 1 845 613 165 75 0 0 -1
341 2 783 321 66 34 0 0 -1
342 1 840 613 165 70 0 0 -1
342 2 784 322 66 31 0 0 -1
343 1 835 613 165 70 0 0 -1
343 2 787 321 60 35 0 0 -1
344 1 836 603 159 70 0 0 -1
344 2 791 318 55 37 0 0 -1
345 1 836 603 159 70 0 0 -1
345 2 791 322 56 29 0 0 -1
346 1 836 603 159 70 0 0 -1
346 2 795 318 56 34 0 0 -1
347 1 836 603 159 70 0 0 -1
347 2 790 317 66 36 0 0 -1
348 1 831 603 159 70 0 0 -1
348 2 794 317 64 35 0 0 -1
349 1 831 603 159 70 0 0 -1
349 2 798 315 64 37 0 0 -1
350 1 826 603 159 70 0 0 -1
350 2 801 317 59 34 0 0 -1
351 1 826 603 159 70 0 0 -1
351 2 800 317 64 32 0 0 -1
352 1 826 603 159 70 0 0 -1
352 2 799 314 65 38 0 0 -1
353 1 826 603 159 70 0 0 -1
353 2 805 314 64 38 0 0 -1
354 1 826 603 159 67 0 0 -1
354 2 807 314 68 37 0 0 -1
355 1 821 603 159 67 0 0 -1
355 2 808 318 61 31 0 0 -1
356 1 826 603 159 67 0 0 -1
356 2 811 314 65 35 0 0 -1
357 1 826 603 159 67 0 0 -1
357 2 815 312 57 35 0 0 -1
358 1 826 603 159 67 0 0 -1
358 2 820 314 52 33 0 0 -1
359 1 831 603 154 67 0 0 -1
359 2 820 313 56 35 0 0 -1
360 1 831 603 154 67 0 0 -1
360 2 821 318 56 29 0 0 -1
361 1 831 598 154 67 0 0 -1
361 2 824 313 55 34 0 0 -1
362 1 831 598 154 67 0 0 -1
362 2 826 313 60 34 0 0 -1
363 1 831 598 162 67 0 0 -1
363 2 829 313 57 33 0 0 -1
364 1 831 598 162 67 0 0 -1
364 2 834 312 59 34 0 0 -1
365 1 836 598 162 67 0 0 -1
365 2 834 313 62 33 0 0 -1
366 1 847 598 156 67 0 0 -1
366 2 838 312 56 31 0 0 -1
367 1 848 598 153 67 0 0 -1
367 2 837 315 68 32 0 0 -1
368 1 853 598 153 67 0 0 -1
368 2 846 312 64 35 0 0 -1
369 1 853 598 153 67 0 0 -1
369 2 846 312 64 32 0 0 -1
370 1 853 598 153 67 0 0 -1
370 2 845 310 69 34 0 0 -1
371 1 848 598 153 67 0 0 -1
371 2 855 310 62 32 0 0 -1
372 1 853 603 153 67 0 0 -1
372 2 858 313 62 30 0 0 -1
373 1 853 603 153 67 0 0 -1
373 2 858 310 65 33 0 0 -1
374 1 853 603 153 67 0 0 -1
374 2 859 310 71 34 0 0 -1
375 1 853 608 153 67 0 0 -1
375 2 864 312 67 32 0 0 -1
376 1 851 608 150 67 0 0 -1
376 2 868 310 69 33 0 0 -1
377 1 851 613 150 67 0 0 -1
377 2 869 312 74 31 0 0 -1
378 1 851 613 150 67 0 0 -1
378 2 877 309 64 33 0 0 -1
379 1 851 618 150 64 0 0 -1
379 2 877 310 70 33 0 0 -1
380 1 851 618 150 64 0 0 -1
380 2 880 309 69 31 0 0 -1
381 1 846 623 150 64 0 0 -1
381 2 886 308 67 32 0 0 -1
382 1 846 623 150 64 0 0 -1
382 2 889 310 72 30 0 0 -1
383 1 846 628 150 64 0 0 -1
383 2 892 310 66 29 0 0 -1
384 1 846 631 150 61 0 0 -1
384 2 900 312 60 28 0 0 -1
385 1 851 634 150 61 0 0 -1
385 2 905 309 63 33 0 0 -1
386 1 851 637 150 58 0 0 -1
386 2 907 306 66 36 0 0 -1
387 1 851 642 150 58 0 0 -1
387 2 913 313 60 27 0 0 -1
388 1 851 642 150 58 0 0 -1
388 2 913 310 57 32 0 0 -1
389 1 856 647 150 62 0 0 -1
389 2 917 310 68 33 0 0 -1
390 1 866 647 150 62 0 0 -1
390 2 922 310 63 32 0 0 -1
391 1 876 652 150 62 0 0 -1
391 2 926 310 62 32 0 0 -1
392 1 886 652 150 62 0 0 -1
392 2 932 306 59 36 0 0 -1
393 1 891 657 150 62 0 0 -1
393 2 932 309 60 33 0 0 -1
394 1 891 657 150 62 0 0 -1
394 2 934 309 57 34 0 0 -1
395 1 896 667 150 62 0 0 -1
395 2 936 310 59 30 0 0 -1
396 1 896 667 150 62 0 0 -1
396 2 941 312 57 34 0 0 -1
397 1 901 672 150 62 0 0 -1
397 2 939 313 60 33 0 0 -1
398 1 906 677 147 62 0 0 -1
398 2 940 312 71 35 0 0 -1
399 1 906 682 147 62 0 0 -1
399 2 948 310 63 34 0 0 -1
400 1 911 681 143 62 0 0 -1
400 2 945 315 63 32 0 0 -1
401 1 911 686 143 62 0 0 -1
401 2 953 318 68 30 0 0 -1
402 1 911 691 143 62 0 0 -1
402 2 960 318 61 29 0 0 -1
403 1 911 691 143 62 0 0 -1
403 2 958 319 59 29 0 0 -1
404 1 906 691 143 62 0 0 -1
404 2 957 317 63 32 0 0 -1
405 1 906 691 143 62 0 0 -1
405 2 958 319 57 33 0 0 -1
406 1 906 691 143 62 0 0 -1
406 2 960 317 59 34 0 0 -1
407 1 906 691 143 62 0 0 -1
407 2 961 319 65 37 0 0 -1
408 1 901 691 143 62 0 0 -1
408 2 969 315 59 37 0 0 -1
409 1 901 691 143 62 0 0 -1
409 2 965 317 63 36 0 0 -1
410 1 901 696 138 62 0 0 -1
410 2 965 318 59 38 0 0 -1
411 1 896 696 138 62 0 0 -1
411 2 970 318 54 34 0 0 -1
412 1 896 696 138 62 0 0 -1
412 2 970 322 55 34 0 0 -1
413 1 896 696 138 62 0 0 -1
413 2 966 323 58 32 0 0 -1
414 1 896 701 138 62 0 0 -1
414 2 961 322 64 38 0 0 -1
415 1 891 706 138 62 0 0 -1
415 2 966 319 63 41 0 0 -1
416 1 891 706 138 62 0 0 -1
416 2 966 321 60 39 0 0 -1
417 1 891 712 138 56 0 0 -1
417 2 968 323 58 41 0 0 -1
418 1 891 712 138 56 0 0 -1
418 2 958 325 63 38 0 0 -1
419 1 891 712 138 56 0 0 -1
419 2 958 329 66 36 0 0 -1
420 1 891 712 138 56 0 0 -1
420 2 958 329 61 37 0 0 -1
421 1 894 712 138 56 0 0 -1
421 2 949 327 68 41 0 0 -1
422 1 896 712 138 56 0 0 -1
422 2 952 330 65 40 0 0 -1
423 1 896 712 138 56 0 0 -1
423 2 949 329 64 39 0 0 -1
424 1 896 712 138 56 0 0 -1
424 2 949 332 56 37 0 0 -1
425 1 896 712 138 56 0 0 -1
425 2 949 330 60 40 0 0 -1
426 1 901 707 138 56 0 0 -1
426 2 939 332 68 36 0 0 -1
427 1 906 697 138 56 0 0 -1
427 2 935 335 69 38 0 0 -1
428 1 911 682 138 56 0 0 -1
428 2 935 338 67 36 0 0 -1
429 1 916 662 138 56 0 0 -1
429 2 931 335 69 38 0 0 -1
430 1 916 662 138 56 0 0 -1
430 2 931 338 65 38 0 0 -1
431 1 921 647 138 56 0 0 -1
431 2 924 340 70 37 0 0 -1
432 1 931 637 138 56 0 0 -1
432 2 920 340 68 38 0 0 -1
433 1 936 622 138 56 0 0 -1
433 2 917 340 68 36 0 0 -1
434 1 941 607 138 56 0 0 -1
434 2 915 342 73 38 0 0 -1
435 1 951 597 138 56 0 0 -1
435 2 909 340 72 42 0 0 -1
436 1 951 597 138 56 0 0 -1
436 2 905 340 73 40 0 0 -1
437 1 956 592 138 56 0 0 -1
437 2 902 340 73 43 0 0 -1
438 1 961 592 138 56 0 0 -1
438 2 897 344 71 43 0 0 -1
439 1 961 587 138 56 0 0 -1
439 2 892 348 70 39 0 0 -1
440 1 965 587 133 56 0 0 -1
440 2 885 348 67 43 0 0 -1
441 1 965 582 133 56 0 0 -1
441 2 888 348 60 41 0 0 -1
442 1 965 582 133 56 0 0 -1
442 2 879 351 62 39 0 0 -1
443 1 965 582 133 56 0 0 -1
443 2 873 356 64 34 0 0 -1
444 1 965 587 133 56 0 0 -1
444 2 867 355 63 36 0 0 -1
445 1 955 592 133 56 0 0 -1
445 2 862 353 64 42 0 0 -1
446 1 945 592 133 56 0 0 -1
446 2 859 360 61 37 0 0 -1
447 1 935 597 133 56 0 0 -1
447 2 854 363 60 31 0 0 -1
448 1 935 597 133 56 0 0 -1
448 2 849 361 61 38 0 0 -1
449 1 925 597 133 56 0 0 -1
449 2 841 365 62 32 0 0 -1
450 1 910 602 133 56 0 0 -1
450 2 833 364 63 35 0 0 -1
451 1 900 602 133 56 0 0 -1
451 2 829 365 59 34 0 0 -1
452 1 885 602 133 56 0 0 -1
452 2 818 368 61 35 0 0 -1
453 1 875 602 133 56 0 0 -1
453 2 811 372 72 30 0 0 -1
454 1 875 602 133 56 0 0 -1
454 2 805 370 67 33 0 0 -1
455 1 862 597 131 56 0 0 -1
455 2 801 373 68 31 0 0 -1
456 1 862 597 131 56 0 0 -1
456 2 792 374 66 32 0 0 -1
457 1 857 597 131 56 0 0 -1
457 2 787 376 64 34 0 0 -1
458 1 852 587 131 56 0 0 -1
458 2 781 373 61 35 0 0 -1
459 1 852 572 131 56 0 0 -1
459 2 775 373 68 37 0 0 -1
460 1 852 572 131 56 0 0 -1
460 2 770 377 64 34 0 0 -1
461 1 847 562 131 53 0 0 -1
461 2 766 376 60 35 0 0 -1
462 1 847 547 131 53 0 0 -1
462 2 757 374 67 37 0 0 -1
463 1 842 542 131 53 0 0 -1
463 2 756 374 57 37 0 0 -1
464 1 842 537 131 53 0 0 -1
464 2 747 374 61 37 0 0 -1
465 1 837 537 131 53 0 0 -1
465 2 745 376 59 36 0 0 -1
466 1 837 537 131 53 0 0 -1
466 2 739 376 62 40 0 0 -1
467 1 832 537 131 53 0 0 -1
467 2 732 377 60 35 0 0 -1
468 1 827 537 131 53 0 0 -1
468 2 726 376 68 36 0 0 -1
469 1 817 537 131 53 0 0 -1
469 2 727 376 64 41 0 0 -1
470 1 817 532 131 53 0 0 -1
470 2 723 376 61 41 0 0 -1
471 1 811 527 131 53 0 0 -1
471 2 716 377 61 38 0 0 -1
472 1 811 527 131 53 0 0 -1
472 2 715 378 62 41 0 0 -1
473 1 811 522 131 53 0 0 -1
473 2 709 378 64 43 0 0 -1
474 1 806 517 131 53 0 0 -1
474 2 707 377 67 42 0 0 -1
475 1 806 512 131 53 0 0 -1
475 2 702 380 67 40 0 0 -1
476 1 806 507 131 53 0 0 -1
476 2 702 378 67 39 0 0 -1
477 1 806 502 131 53 0 0 -1
477 2 699 382 63 37 0 0 -1
478 1 806 487 131 53 0 0 -1
478 2 697 376 63 43 0 0 -1
479 1 806 487 131 53 0 0 -1
479 2 694 380 64 37 0 0 -1
480 1 806 477 131 53 0 0 -1
480 2 693 381 67 36 0 0 -1
481 1 811 467 131 53 0 0 -1
481 2 696 382 56 35 0 0 -1
482 1 811 452 131 53 0 0 -1
482 2 693 380 60 37 0 0 -1
483 1 816 437 131 53 0 0 -1
483 2 689 377 64 42 0 0 -1
484 1 826 422 125 53 0 0 -1
484 2 686 381 67 36 0 0 -1
485 1 826 422 125 53 0 0 -1
485 2 690 382 62 35 0 0 -1
486 1 831 412 125 53 0 0 -1
486 2 686 378 62 39 0 0 -1
487 1 837 411 118 51 0 0 -1
487 2 686 382 62 33 0 0 -1
488 1 837 401 118 51 0 0 -1
488 2 685 380 60 36 0 0 -1
489 1 842 396 118 51 0 0 -1
489 2 683 381 62 35 0 0 -1
490 1 847 391 118 51 0 0 -1
490 2 685 382 59 35 0 0 -1
491 1 847 391 118 51 0 0 -1
491 2 683 383 61 33 0 0 -1
492 1 847 391 118 51 0 0 -1
492 2 681 383 62 34 0 0 -1
493 1 852 386 118 51 0 0 -1
493 2 679 386 64 35 0 0 -1
494 1 852 381 118 51 0 0 -1
494 2 679 384 68 39 0 0 -1
495 1 857 376 118 51 0 0 -1
495 2 680 386 64 37 0 0 -1
496 1 857 376 118 51 0 0 -1
496 2 681 391 62 34 0 0 -1
497 1 857 376 118 51 0 0 -1
497 2 677 390 63 38 0 0 -1
498 1 862 373 118 49 0 0 -1
498 2 679 395 61 32 0 0 -1
499 1 862 371 118 48 0 0 -1
499 2 679 394 61 37 0 0 -1
500 1 867 371 114 46 0 0 -1
500 2 679 399 66 34 0 0 -1
501 1 872 366 111 46 0 0 -1
501 2 675 400 65 34 0 0 -1
502 1 877 361 111 46 0 0 -1
502 2 675 400 64 34 0 0 -1
503 1 877 361 111 46 0 0 -1
503 2 675 403 66 37 0 0 -1
504 1 882 358 104 44 0 0 -1
504 2 673 407 66 33 0 0 -1
505 1 882 353 104 44 0 0 -1
505 2 668 411 69 33 0 0 -1
506 1 887 348 104 44 0 0 -1
506 2 673 414 67 32 0 0 -1
507 1 892 343 104 44 0 0 -1
507 2 675 412 61 34 0 0 -1
508 1 897 338 101 41 0 0 -1
508 2 677 419 60 32 0 0 -1
509 1 897 338 101 41 0 0 -1
509 2 675 417 60 36 0 0 -1
510 1 897 328 101 41 0 0 -1
510 2 676 421 61 34 0 0 -1
511 1 902 318 104 41 0 0 -1
511 2 676 425 61 32 0 0 -1
512 1 912 308 101 41 0 0 -1
512 2 676 427 55 35 0 0 -1
513 1 917 303 101 41 0 0 -1
513 2 675 432 62 31 0 0 -1
514 1 922 293 101 41 0 0 -1
514 2 683 436 53 30 0 0 -1
515 1 922 293 101 41 0 0 -1
515 2 679 436 57 30 0 0 -1
516 1 927 288 101 41 0 0 -1
516 2 680 441 53 26 0 0 -1
517 1 932 283 101 41 0 0 -1
517 2 680 442 61 34 0 0 -1
518 1 937 278 101 41 0 0 -1
518 2 675 446 68 29 0 0 -1
519 1 947 268 101 41 0 0 -1
519 2 675 445 72 37 0 0 -1
520 1 952 263 101 41 0 0 -1
520 2 680 451 63 33 0 0 -1
521 1 952 263 101 41 0 0 -1
521 2 679 454 62 31 0 0 -1
522 1 957 253 101 41 0 0 -1
522 2 681 454 63 34 0 0 -1
523 1 962 248 101 41 0 0 -1
523 2 679 461 58 27 0 0 -1
524 1 972 243 95 41 0 0 -1
524 2 679 461 69 30 0 0 -1
525 1 977 238 95 41 0 0 -1
525 2 684 465 55 24 0 0 -1
526 1 982 233 95 41 0 0 -1
526 2 686 468 58 28 0 0 -1
527 1 982 233 95 41 0 0 -1
527 2 685 468 54 33 0 0 -1
528 1 987 228 95 41 0 0 -1
528 2 681 475 67 25 0 0 -1
529 1 992 218 95 41 0 0 -1
529 2 683 474 65 31 0 0 -1
530 1 997 213 95 41 0 0 -1
530 2 686 475 63 30 0 0 -1
531 1 1002 203 95 41 0 0 -1
531 2 685 479 62 30 0 0 -1
532 1 1007 193 95 41 0 0 -1
532 2 684 483 64 27 0 0 -1
533 1 1007 193 95 41 0 0 -1
533 2 683 485 67 29 0 0 -1
534 1 1012 183 95 41 0 0 -1
534 2 686 485 68 37 0 0 -1
535 1 1021 175 91 37 0 0 -1
535 2 688 492 66 29 0 0 -1
536 1 1021 165 91 37 0 0 -1
536 2 688 495 66 31 0 0 -1
537 1 1023 147 91 37 0 0 -1
537 2 686 497 71 32 0 0 -1
538 1 1028 132 91 37 0 0 -1
538 2 686 500 69 28 0 0 -1
539 1 1028 132 91 37 0 0 -1
539 2 686 501 68 33 0 0 -1
540 1 1033 122 91 37 0 0 -1
540 2 688 506 73 29 0 0 -1
541 1 1029 114 91 37 0 0 -1
541 2 694 505 64 34 0 0 -1
542 1 1029 109 91 37 0 0 -1
542 2 688 514 73 25 0 0 -1
543 1 1029 104 91 37 0 0 -1
543 2 693 513 68 33 0 0 -1
544 1 1024 99 91 37 0 0 -1
544 2 692 514 62 32 0 0 -1
545 1 1024 99 91 37 0 0 -1
545 2 689 521 65 28 0 0 -1
546 1 1024 94 91 37 0 0 -1
546 2 692 523 65 26 0 0 -1
547 1 1024 94 91 37 0 0 -1
547 2 688 525 66 32 0 0 -1
548 1 1022 97 91 37 0 0 -1
548 2 688 527 73 37 0 0 -1
549 1 1022 97 91 37 0 0 -1
549 2 698 531 59 32 0 0 -1
550 1 1027 112 91 37 0 0 -1
550 2 694 535 59 31 0 0 -1
551 1 1027 112 91 37 0 0 -1
551 2 696 539 64 27 0 0 -1
552 1 1032 122 91 37 0 0 -1
552 2 698 540 63 32 0 0 -1
553 1 1032 132 91 37 0 0 -1
553 2 699 539 61 35 0 0 -1
554 1 1032 147 91 37 0 0 -1
554 2 702 547 59 29 0 0 -1
555 1 1032 152 91 37 0 0 -1
555 2 697 548 65 32 0 0 -1
556 1 1027 162 91 37 0 0 -1
556 2 698 549 62 37 0 0 -1
557 1 1022 162 91 37 0 0 -1
557 2 698 551 64 35 0 0 -1
558 1 1017 162 91 37 0 0 -1
558 2 699 556 62 33 0 0 -1
559 1 1017 162 91 37 0 0 -1
559 2 698 559 63 34 0 0 -1
560 1 1012 162 91 37 0 0 -1
560 2 693 563 69 35 0 0 -1
561 1 1002 162 91 37 0 0 -1
561 2 701 565 65 35 0 0 -1
562 1 992 157 91 37 0 0 -1
562 2 697 572 70 30 0 0 -1
563 1 992 157 91 37 0 0 -1
563 2 698 573 63 34 0 0 -1
564 1 987 157 91 37 0 0 -1
564 2 699 576 66 34 0 0 -1
565 1 972 152 91 37 0 0 -1
565 2 698 580 63 31 0 0 -1
566 1 962 152 91 37 0 0 -1
566 2 702 581 60 36 0 0 -1
567 1 957 147 91 37 0 0 -1
567 2 699 587 72 33 0 0 -1
568 1 942 147 91 37 0 0 -1
568 2 703 586 63 42 0 0 -1
569 1 942 147 91 37 0 0 -1
569 2 702 595 63 32 0 0 -1
570 1 927 147 91 37 0 0 -1
570 2 709 595 57 37 0 0 -1
571 1 917 142 91 37 0 0 -1
571 2 705 602 60 32 0 0 -1
572 1 907 142 91 37 0 0 -1
572 2 701 603 74 35 0 0 -1
573 1 905 138 88 36 0 0 -1
573 2 705 607 66 33 0 0 -1
574 1 900 138 88 36 0 0 -1
574 2 703 611 64 33 0 0 -1
575 1 900 138 88 36 0 0 -1
575 2 703 615 67 31 0 0 -1
576 1 895 138 88 36 0 0 -1
576 2 701 619 68 29 0 0 -1
577 1 890 138 88 36 0 0 -1
577 2 706 619 64 36 0 0 -1
578 1 885 138 88 36 0 0 -1
578 2 703 627 67 30 0 0 -1
579 1 880 133 88 36 0 0 -1
579 2 707 627 62 35 0 0 -1
580 1 875 133 88 36 0 0 -1
580 2 707 631 63 35 0 0 -1
581 1 875 133 88 36 0 0 -1
581 2 710 637 61 29 0 0 -1
582 1 870 133 88 36 0 0 -1
582 2 710 638 60 32 0 0 -1
583 1 865 133 88 36 0 0 -1
583 2 713 644 53 31 0 0 -1
584 1 855 133 88 36 0 0 -1
584 2 711 645 59 33 0 0 -1
585 1 850 133 88 36 0 0 -1
585 2 707 645 62 35 0 0 -1
586 1 847 133 81 36 0 0 -1
586 2 707 648 63 37 0 0 -1
587 1 847 133 81 36 0 0 -1
587 2 706 653 60 29 0 0 -1
588 1 842 133 81 36 0 0 -1
588 2 709 653 62 35 0 0 -1
589 1 832 133 81 36 0 0 -1
589 2 706 654 64 35 0 0 -1
590 1 827 128 81 36 0 0 -1
590 2 705 657 69 31 0 0 -1
591 1 817 128 81 36 0 0 -1
591 2 713 658 60 34 0 0 -1
592 1 812 128 81 36 0 0 -1
592 2 719 662 56 26 0 0 -1
593 1 812 128 81 36 0 0 -1
593 2 714 663 56 28 0 0 -1
594 1 802 128 81 36 0 0 -1
594 2 714 661 55 31 0 0 -1
595 1 792 128 81 36 0 0 -1
595 2 718 662 53 29 0 0 -1
596 1 787 128 81 36 0 0 -1
596 2 719 663 55 29 0 0 -1
597 1 782 128 81 36 0 0 -1
597 2 714 665 64 27 0 0 -1
598 1 777 128 81 36 0 0 -1
598 2 721 663 56 28 0 0 -1
599 1 777 128 81 36 0 0 -1
599 2 719 665 56 28 0 0 -1
600 1 767 128 81 36 0 0 -1
600 2 722 667 55 28 0 0 -1
601 1 767 123 69 36 0 0 -1
601 2 719 665 58 27 0 0 -1
602 1 762 123 69 36 0 0 -1
602 2 715 666 58 27 0 0 -1
603 1 754 118 69 36 0 0 -1
603 2 722 668 53 28 0 0 -1
604 1 749 118 69 36 0 0 -1
604 2 716 666 62 29 0 0 -1
605 1 749 118 69 36 0 0 -1
605 2 719 666 52 27 0 0 -1
606 1 744 118 69 36 0 0 -1
606 2 719 667 55 28 0 0 -1
607 1 739 113 69 36 0 0 -1
607 2 715 667 60 29 0 0 -1
608 1 734 113 69 36 0 0 -1
608 2 718 668 52 27 0 0 -1
609 1 729 111 69 38 0 0 -1
609 2 720 665 54 31 0 0 -1
610 1 724 111 69 38 0 0 -1
610 2 718 663 55 32 0 0 -1
611 1 724 111 69 38 0 0 -1
611 2 720 667 53 28 0 0 -1
612 1 714 111 69 38 0 0 -1
612 2 718 666 55 29 0 0 -1
613 1 707 111 71 38 0 0 -1
613 2 718 664 53 29 0 0 -1
614 1 701 111 72 38 0 0 -1
614 2 719 665 50 28 0 0 -1
615 1 691 111 72 38 0 0 -1
615 2 719 664 51 28 0 0 -1
616 1 686 111 72 38 0 0 -1
616 2 713 662 62 31 0 0 -1
617 1 686 111 72 38 0 0 -1
617 2 711 665 62 28 0 0 -1
618 1 681 111 72 38 0 0 -1
618 2 714 663 60 30 0 0 -1
619 1 671 111 72 38 0 0 -1
619 2 714 663 59 28 0 0 -1
620 1 666 106 72 38 0 0 -1
620 2 706 663 64 30 0 0 -1
621 1 661 106 72 38 0 0 -1
621 2 709 662 69 27 0 0 -1
622 1 656 101 72 38 0 0 -1
622 2 705 661 65 30 0 0 -1
623 1 651 101 72 38 0 0 -1
623 2 703 662 64 26 0 0 -1
624 1 646 101 72 38 0 0 -1
624 2 703 658 63 30 0 0 -1
625 1 635 99 78 38 0 0 -1
625 2 702 657 72 30 0 0 -1
626 1 630 99 78 38 0 0 -1
626 2 705 658 55 30 0 0 -1
627 1 625 94 78 38 0 0 -1
627 2 706 654 55 30 0 0 -1
628 1 615 94 78 38 0 0 -1
628 2 706 653 52 26 0 0 -1
629 1 615 94 78 38 0 0 -1
629 2 706 651 52 28 0 0 -1
630 1 605 94 78 38 0 0 -1
630 2 703 650 50 29 0 0 -1
631 1 600 94 78 38 0 0 -1
631 2 698 649 59 27 0 0 -1
632 1 594 91 82 41 0 0 -1
632 2 699 648 55 30 0 0 -1
633 1 584 91 82 41 0 0 -1
633 2 697 644 56 30 0 0 -1
634 1 579 91 82 41 0 0 -1
634 2 701 645 52 25 0 0 -1
635 1 579 91 82 41 0 0 -1
635 2 698 641 52 29 0 0 -1
636 1 574 91 82 41 0 0 -1
636 2 696 640 54 25 0 0 -1
637 1 564 93 84 39 0 0 -1
637 2 692 636 58 29 0 0 -1
638 1 559 93 84 39 0 0 -1
638 2 693 634 48 29 0 0 -1
639 1 549 98 84 39 0 0 -1
639 2 692 629 56 30 0 0 -1
640 1 544 98 84 39 0 0 -1
640 2 690 625 51 36 0 0 -1
641 1 539 98 84 39 0 0 -1
641 2 688 625 55 26 0 0 -1
642 1 539 98 84 39 0 0 -1
642 2 685 624 60 27 0 0 -1
643 1 529 103 84 39 0 0 -1
643 2 685 617 55 37 0 0 -1
644 1 519 105 84 39 0 0 -1
644 2 681 615 60 31 0 0 -1
645 1 514 105 84 39 0 0 -1
645 2 677 611 60 30 0 0 -1
646 1 504 110 84 39 0 0 -1
646 2 677 610 55 30 0 0 -1
647 1 494 110 84 39 0 0 -1
647 2 676 606 57 27 0 0 -1
648 1 494 112 84 39 0 0 -1
648 2 677 602 55 30 0 0 -1
649 1 485 116 88 40 0 0 -1
649 2 673 599 59 30 0 0 -1
650 1 475 116 88 40 0 0 -1
650 2 673 594 58 34 0 0 -1
651 1 466 121 88 40 0 0 -1
651 2 672 593 56 28 0 0 -1
652 1 456 126 88 40 0 0 -1
652 2 664 587 63 30 0 0 -1
653 1 451 126 88 40 0 0 -1
653 2 668 587 60 29 0 0 -1
654 1 451 126 88 40 0 0 -1
654 2 669 582 57 28 0 0 -1
655 1 441 126 88 40 0 0 -1
655 2 667 578 55 29 0 0 -1
656 1 431 131 88 40 0 0 -1
656 2 666 577 58 26 0 0 -1
657 1 426 131 88 40 0 0 -1
657 2 660 572 59 30 0 0 -1
658 1 416 136 88 40 0 0 -1
658 2 663 570 55 27 0 0 -1
659 1 406 136 88 40 0 0 -1
659 2 663 565 56 28 0 0 -1
660 1 406 136 88 40 0 0 -1
660 2 660 561 56 28 0 0 -1
661 1 401 141 88 40 0 0 -1
661 2 658 559 58 28 0 0 -1
662 1 391 141 88 40 0 0 -1
662 2 655 553 60 34 0 0 -1
663 1 386 141 88 40 0 0 -1
663 2 654 552 59 26 0 0 -1
664 1 381 146 88 40 0 0 -1
664 2 655 544 58 34 0 0 -1
665 1 372 150 88 40 0 0 -1
665 2 654 546 51 31 0 0 -1
666 1 372 150 88 40 0 0 -1
666 2 655 543 48 30 0 0 -1
667 1 367 150 88 40 0 0 -1
667 2 646 535 57 31 0 0 -1
668 1 357 155 88 40 0 0 -1
668 2 646 535 60 33 0 0 -1
669 1 352 155 88 40 0 0 -1
669 2 646 530 51 33 0 0 -1
670 1 347 155 88 40 0 0 -1
670 2 643 525 59 34 0 0 -1
671 1 342 160 88 40 0 0 -1
671 2 642 523 63 40 0 0 -1
672 1 342 160 88 40 0 0 -1
672 2 638 521 60 34 0 0 -1
673 1 337 160 88 40 0 0 -1
673 2 639 519 54 29 0 0 -1
674 1 332 160 88 40 0 0 -1
674 2 635 516 54 31 0 0 -1
675 1 327 160 88 40 0 0 -1
675 2 632 510 62 34 0 0 -1
676 1 322 165 88 40 0 0 -1
676 2 635 509 55 33 0 0 -1
677 1 317 165 88 40 0 0 -1
677 2 633 508 52 30 0 0 -1
678 1 317 165 88 40 0 0 -1
678 2 630 505 51 30 0 0 -1
679 1 307 165 88 40 0 0 -1
679 2 624 500 62 39 0 0 -1
680 1 307 165 88 40 0 0 -1
680 2 630 496 54 34 0 0 -1
681 1 302 170 88 40 0 0 -1
681 2 628 499 55 27 0 0 -1
682 1 297 175 88 40 0 0 -1
682 2 628 493 60 34 0 0 -1
683 1 292 175 88 40 0 0 -1
683 2 635 488 51 33 0 0 -1
684 1 292 175 88 40 0 0 -1
684 2 626 489 58 29 0 0 -1
685 1 287 175 88 40 0 0 -1
685 2 625 485 50 31 0 0 -1
686 1 282 175 88 40 0 0 -1
686 2 626 483 54 30 0 0 -1
687 1 277 175 88 40 0 0 -1
687 2 621 480 63 33 0 0 -1
688 1 277 175 88 40 0 0 -1
688 2 622 478 58 32 0 0 -1
689 1 272 180 88 40 0 0 -1
689 2 621 474 63 32 0 0 -1
690 1 272 180 88 40 0 0 -1
690 2 621 472 55 30 0 0 -1
691 1 267 180 88 40 0 0 -1
691 2 621 470 51 25 0 0 -1
692 1 262 180 88 40 0 0 -1
692 2 622 470 53 27 0 0 -1
693 1 257 180 88 40 0 0 -1
693 2 624 465 52 28 0 0 -1
694 1 257 180 88 40 0 0 -1
694 2 622 467 53 26 0 0 -1
695 1 252 175 88 40 0 0 -1
695 2 620 462 52 26 0 0 -1
696 1 252 175 88 40 0 0 -1
696 2 616 458 51 29 0 0 -1
697 1 247 175 88 40 0 0 -1
697 2 618 457 50 28 0 0 -1
698 1 247 175 88 40 0 0 -1
698 2 620 457 48 25 0 0 -1
699 1 247 175 88 40 0 0 -1
699 2 618 453 54 26 0 0 -1
700 1 242 175 88 40 0 0 -1
700 2 615 448 52 30 0 0 -1
701 1 237 175 88 40 0 0 -1
701 2 615 446 54 25 0 0 -1
702 1 237 175 88 40 0 0 -1
702 2 611 442 56 29 0 0 -1
703 1 237 175 88 40 0 0 -1
703 2 611 437 53 29 0 0 -1
704 1 237 175 88 40 0 0 -1
704 2 612 440 50 27 0 0 -1
705 1 237 175 88 40 0 0 -1
705 2 609 436 47 25 0 0 -1
706 1 237 175 88 40 0 0 -1
706 2 608 432 54 30 0 0 -1
707 1 237 175 88 40 0 0 -1
707 2 607 429 53 33 0 0 -1
708 1 237 175 88 40 0 0 -1
708 2 603 428 57 31 0 0 -1
709 1 237 175 88 40 0 0 -1
709 2 600 424 62 27 0 0 -1
710 1 232 175 88 40 0 0 -1
710 2 603 423 63 30 0 0 -1
711 1 237 175 88 40 0 0 -1
711 2 605 421 50 30 0 0 -1
712 1 237 175 88 40 0 0 -1
712 2 600 417 60 32 0 0 -1
713 1 232 175 88 40 0 0 -1
713 2 603 416 53 32 0 0 -1
714 1 232 175 88 40 0 0 -1
714 2 603 414 53 31 0 0 -1
715 1 232 175 88 40 0 0 -1
715 2 603 411 53 30 0 0 -1
716 1 232 180 88 40 0 0 -1
716 2 601 408 48 30 0 0 -1
717 1 232 185 88 40 0 0 -1
717 2 598 407 56 31 0 0 -1
718 1 232 190 88 40 0 0 -1
718 2 599 404 53 30 0 0 -1
719 1 227 195 88 40 0 0 -1
719 2 599 402 60 31 0 0 -1
720 1 227 195 88 40 0 0 -1
720 2 596 398 64 35 0 0 -1
721 1 217 195 88 40 0 0 -1
721 2 594 398 64 35 0 0 -1
722 1 217 200 88 40 0 0 -1
722 2 594 395 61 30 0 0 -1
723 1 218 200 80 40 0 0 -1
723 2 591 391 63 30 0 0 -1
724 1 213 200 80 40 0 0 -1
724 2 591 391 60 34 0 0 -1
725 1 213 200 80 40 0 0 -1
725 2 591 390 61 30 0 0 -1
726 1 213 200 80 40 0 0 -1
726 2 588 389 66 28 0 0 -1
727 1 208 200 80 40 0 0 -1
727 2 588 383 67 33 0 0 -1
728 1 203 200 80 40 0 0 -1
728 2 588 382 68 35 0 0 -1
729 1 198 200 80 40 0 0 -1
729 2 587 378 65 36 0 0 -1
730 1 202 200 70 40 0 0 -1
730 2 587 378 65 30 0 0 -1
731 1 202 200 70 40 0 0 -1
731 2 587 377 58 27 0 0 -1
732 1 202 200 70 40 0 0 -1
732 2 583 372 66 35 0 0 -1
733 1 197 195 70 40 0 0 -1
733 2 582 369 60 34 0 0 -1
734 1 192 195 70 40 0 0 -1
734 2 584 368 65 35 0 0 -1
735 1 187 195 70 40 0 0 -1
735 2 582 365 68 34 0 0 -1
736 1 187 195 70 40 0 0 -1
736 2 582 365 65 32 0 0 -1
737 1 182 200 70 40 0 0 -1
737 2 584 360 59 33 0 0 -1
738 1 182 200 70 40 0 0 -1
738 2 584 361 61 32 0 0 -1
739 1 177 200 70 40 0 0 -1
739 2 583 360 62 26 0 0 -1
740 1 177 205 70 40 0 0 -1
740 2 583 355 64 32 0 0 -1
741 1 172 205 70 40 0 0 -1
741 2 578 356 73 30 0 0 -1
742 1 172 205 70 40 0 0 -1
742 2 583 352 59 34 0 0 -1
743 1 167 210 70 40 0 0 -1
743 2 582 352 56 30 0 0 -1
744 1 167 210 70 40 0 0 -1
744 2 582 348 57 33 0 0 -1
745 1 167 210 70 40 0 0 -1
745 2 582 351 56 29 0 0 -1
746 1 167 215 70 40 0 0 -1
746 2 582 347 57 33 0 0 -1
747 1 167 215 70 40 0 0 -1
747 2 581 346 54 32 0 0 -1
748 1 167 225 70 40 0 0 -1
748 2 579 344 62 33 0 0 -1
749 1 167 230 70 40 0 0 -1
749 2 579 344 62 30 0 0 -1
750 1 167 230 70 40 0 0 -1
750 2 581 344 54 30 0 0 -1
751 1 167 230 70 40 0 0 -1
751 2 577 344 56 30 0 0 -1
752 1 167 235 70 40 0 0 -1
752 2 573 344 60 26 0 0 -1
753 1 172 240 70 40 0 0 -1
753 2 571 342 63 32 0 0 -1
754 1 172 245 70 40 0 0 -1
754 2 575 340 59 32 0 0 -1
755 1 172 250 70 40 0 0 -1
755 2 574 340 58 30 0 0 -1
756 1 172 250 70 40 0 0 -1
756 2 571 340 64 32 0 0 -1
757 1 172 259 75 40 0 0 -1
757 2 569 338 60 30 0 0 -1
758 1 172 259 75 40 0 0 -1
758 2 571 339 62 30 0 0 -1
759 1 172 269 75 40 0 0 -1
759 2 573 339 53 29 0 0 -1
760 1 172 269 75 40 0 0 -1
760 2 570 338 56 31 0 0 -1
761 1 172 274 75 40 0 0 -1
761 2 573 338 52 28 0 0 -1
762 1 172 274 75 40 0 0 -1
762 2 570 335 56 31 0 0 -1
763 1 172 279 75 40 0 0 -1
763 2 566 335 62 31 0 0 -1
764 1 177 284 75 40 0 0 -1
764 2 569 336 48 29 0 0 -1
765 1 177 284 75 40 0 0 -1
765 2 567 335 61 33 0 0 -1
766 1 177 284 75 40 0 0 -1
766 2 565 336 56 27 0 0 -1
767 1 177 284 75 40 0 0 -1
767 2 562 334 63 31 0 0 -1
768 1 177 289 75 40 0 0 -1
768 2 562 335 64 33 0 0 -1
769 1 170 290 82 40 0 0 -1
769 2 560 335 58 30 0 0 -1
770 1 170 290 82 40 0 0 -1
770 2 557 335 71 34 0 0 -1
771 1 170 295 82 40 0 0 -1
771 2 562 336 59 28 0 0 -1
772 1 170 295 82 40 0 0 -1
772 2 562 332 58 32 0 0 -1
773 1 170 295 82 40 0 0 -1
773 2 560 335 62 29 0 0 -1
774 1 170 295 82 40 0 0 -1
774 2 565 335 52 31 0 0 -1
775 1 170 295 82 40 0 0 -1
775 2 562 332 60 36 0 0 -1
776 1 170 295 82 40 0 0 -1
776 2 565 335 55 33 0 0 -1
777 1 170 295 82 40 0 0 -1
777 2 560 335 64 33 0 0 -1
778 1 170 295 82 40 0 0 -1
778 2 565 334 55 30 0 0 -1
779 1 170 295 82 40 0 0 -1
779 2 565 335 51 30 0 0 -1
780 1 170 295 82 40 0 0 -1
780 2 563 339 54 26 0 0 -1
781 1 170 295 82 40 0 0 -1
781 2 565 336 52 32 0 0 -1
782 1 170 295 82 40 0 0 -1
782 2 564 336 52 32 0 0 -1
783 1 170 295 82 40 0 0 -1
783 2 569 332 52 33 0 0 -1
784 1 170 295 82 40 0 0 -1
784 2 570 334 43 29 0 0 -1
785 1 170 295 82 40 0 0 -1
785 2 567 336 49 28 0 0 -1
786 1 170 295 82 40 0 0 -1
786 2 574 339 43 25 0 0 -1
787 1 170 295 82 40 0 0 -1
787 2 567 336 45 24 0 0 -1
788 1 175 295 82 40 0 0 -1
788 2 566 334 50 34 0 0 -1
789 1 175 300 82 40 0 0 -1
789 2 567 334 54 26 0 0 -1
790 1 180 300 82 40 0 0 -1
790 2 565 336 52 27 0 0 -1
791 1 180 305 82 40 0 0 -1
791 2 561 331 61 32 0 0 -1
792 1 180 305 82 40 0 0 -1
792 2 565 334 55 29 0 0 -1
793 1 180 305 82 40 0 0 -1
793 2 566 336 54 33 0 0 -1
794 1 185 305 82 40 0 0 -1
794 2 566 332 49 29 0 0 -1
795 1 185 310 82 40 0 0 -1
795 2 562 332 55 32 0 0 -1
796 1 185 310 82 40 0 0 -1
796 2 566 335 46 30 0 0 -1
797 1 190 310 82 40 0 0 -1
797 2 560 338 60 28 0 0 -1
798 1 190 310 82 40 0 0 -1
798 2 569 335 49 32 0 0 -1
799 1 190 315 82 40 0 0 -1
799 2 567 335 45 30 0 0 -1
800 1 195 310 82 40 0 0 -1
800 2 571 335 41 33 0 0 -1
801 1 195 310 82 40 0 0 -1
801 2 570 336 52 30 0 0 -1
802 1 200 315 82 40 0 0 -1
802 2 567 334 59 34 0 0 -1
803 1 200 315 82 40 0 0 -1
803 2 564 336 60 28 0 0 -1
804 1 205 315 82 40 0 0 -1
804 2 570 336 54 30 0 0 -1
805 1 205 315 82 40 0 0 -1
805 2 573 336 51 27 0 0 -1
806 1 210 315 82 40 0 0 -1
806 2 574 338 52 26 0 0 -1
807 1 210 315 82 40 0 0 -1
807 2 574 336 50 28 0 0 -1
808 1 215 315 82 40 0 0 -1
808 2 577 334 49 31 0 0 -1
809 1 215 315 82 40 0 0 -1
809 2 573 334 55 29 0 0 -1
810 1 220 320 82 40 0 0 -1
810 2 578 335 50 30 0 0 -1
811 1 220 315 82 40 0 0 -1
811 2 581 332 44 32 0 0 -1
812 1 220 315 82 40 0 0 -1
812 2 581 332 45 29 0 0 -1
813 1 220 320 82 40 0 0 -1
813 2 577 332 56 34 0 0 -1
814 1 225 315 82 40 0 0 -1
814 2 581 334 53 30 0 0 -1
815 1 230 315 82 40 0 0 -1
815 2 579 334 49 31 0 0 -1
816 1 230 315 82 40 0 0 -1
816 2 583 332 47 33 0 0 -1
817 1 230 315 83 40 0 0 -1
817 2 582 334 55 31 0 0 -1
818 1 235 315 83 40 0 0 -1
818 2 581 330 56 33 0 0 -1
819 1 235 315 83 40 0 0 -1
819 2 583 332 49 31 0 0 -1
820 1 240 315 83 40 0 0 -1
820 2 581 332 61 34 0 0 -1
821 1 240 315 83 40 0 0 -1
821 2 587 331 47 32 0 0 -1
822 1 245 315 83 40 0 0 -1
822 2 583 329 62 34 0 0 -1
823 1 245 315 83 40 0 0 -1
823 2 583 329 64 34 0 0 -1
824 1 250 315 83 40 0 0 -1
824 2 586 332 57 28 0 0 -1
825 1 255 315 83 40 0 0 -1
825 2 588 330 58 29 0 0 -1
826 1 255 310 83 40 0 0 -1
826 2 591 334 52 26 0 0 -1
827 1 260 310 83 40 0 0 -1
827 2 594 330 58 33 0 0 -1
828 1 270 310 83 40 0 0 -1
828 2 597 329 52 28 0 0 -1
829 1 270 310 83 40 0 0 -1
829 2 599 331 55 32 0 0 -1
830 1 275 310 83 40 0 0 -1
830 2 607 331 51 29 0 0 -1
831 1 275 310 83 40 0 0 -1
831 2 609 330 47 33 0 0 -1
832 1 285 310 83 40 0 0 -1
832 2 607 330 51 30 0 0 -1
833 1 290 310 83 40 0 0 -1
833 2 607 327 53 30 0 0 -1
834 1 295 305 83 40 0 0 -1
834 2 613 329 45 30 0 0 -1
835 1 295 305 83 40 0 0 -1
835 2 609 327 55 28 0 0 -1
836 1 300 305 83 40 0 0 -1
836 2 612 330 54 25 0 0 -1
837 1 305 305 83 40 0 0 -1
837 2 615 327 52 30 0 0 -1
838 1 310 305 83 40 0 0 -1
838 2 615 327 57 32 0 0 -1
839 1 315 305 83 40 0 0 -1
839 2 621 325 50 32 0 0 -1
840 1 325 305 83 40 0 0 -1
840 2 622 326 54 33 0 0 -1
841 1 325 305 83 40 0 0 -1
841 2 624 325 56 32 0 0 -1
842 1 330 305 83 40 0 0 -1
842 2 632 326 54 29 0 0 -1
843 1 335 305 83 40 0 0 -1
843 2 634 326 55 31 0 0 -1
844 1 340 305 83 40 0 0 -1
844 2 635 325 62 32 0 0 -1
845 1 345 310 83 40 0 0 -1
845 2 645 329 56 30 0 0 -1
846 1 355 310 83 40 0 0 -1
846 2 654 327 42 32 0 0 -1
847 1 355 310 83 40 0 0 -1
847 2 655 329 41 27 0 0 -1
848 1 355 310 83 40 0 0 -1
848 2 658 326 38 31 0 0 -1
849 1 360 310 83 40 0 0 -1
849 2 655 325 50 32 0 0 -1
850 1 365 310 83 40 0 0 -1
850 2 665 325 43 33 0 0 -1
851 1 370 320 83 40 0 0 -1
851 2 668 327 42 26 0 0 -1
852 1 375 320 83 40 0 0 -1
852 2 669 329 45 27 0 0 -1
853 1 375 320 83 40 0 0 -1
853 2 671 325 48 31 0 0 -1
854 1 384 325 74 40 0 0 -1
854 2 679 330 39 21 0 0 -1
855 1 384 330 74 40 0 0 -1
855 2 680 327 46 26 0 0 -1
856 1 384 335 74 40 0 0 -1
856 2 683 330 49 25 0 0 -1
857 1 389 340 74 40 0 0 -1
857 2 686 327 51 28 0 0 -1
858 1 389 340 74 40 0 0 -1
858 2 693 327 42 29 0 0 -1
859 1 389 340 74 40 0 0 -1
859 2 694 329 55 28 0 0 -1
860 1 394 345 74 40 0 0 -1
860 2 700 330 54 26 0 0 -1
861 1 399 350 74 40 0 0 -1
861 2 703 330 50 29 0 0 -1
862 1 404 355 74 40 0 0 -1
862 2 705 327 49 32 0 0 -1
863 1 409 360 74 40 0 0 -1
863 2 706 327 52 34 0 0 -1
864 1 409 365 74 40 0 0 -1
864 2 713 330 49 33 0 0 -1
865 1 409 370 74 40 0 0 -1
865 2 723 330 42 31 0 0 -1
866 1 419 375 74 40 0 0 -1
866 2 727 329 46 31 0 0 -1
867 1 419 380 74 40 0 0 -1
867 2 727 327 49 31 0 0 -1
868 1 424 380 74 40 0 0 -1
868 2 731 329 51 34 0 0 -1
869 1 431 388 74 40 0 0 -1
869 2 735 329 55 34 0 0 -1
870 1 436 393 74 40 0 0 -1
870 2 735 331 57 32 0 0 -1
871 1 436 393 74 40 0 0 -1
871 2 744 330 50 30 0 0 -1
872 1 441 398 74 40 0 0 -1
872 2 749 331 51 30 0 0 -1
873 1 446 403 74 40 0 0 -1
873 2 750 332 57 31 0 0 -1
874 1 456 408 74 40 0 0 -1
874 2 754 331 57 33 0 0 -1
875 1 461 413 74 40 0 0 -1
875 2 757 335 56 29 0 0 -1
876 1 471 418 74 40 0 0 -1
876 2 766 334 51 26 0 0 -1
877 1 471 418 74 40 0 0 -1
877 2 771 332 47 32 0 0 -1
878 1 476 423 74 40 0 0 -1
878 2 777 331 47 33 0 0 -1
879 1 481 428 74 40 0 0 -1
879 2 779 335 49 30 0 0 -1
880 1 491 433 74 40 0 0 -1
880 2 784 336 49 27 0 0 -1
881 1 491 443 74 40 0 0 -1
881 2 793 334 45 31 0 0 -1
882 1 501 443 74 40 0 0 -1
882 2 795 335 52 29 0 0 -1
883 1 501 443 74 40 0 0 -1
883 2 798 335 49 29 0 0 -1
884 1 506 453 74 40 0 0 -1
884 2 801 334 53 31 0 0 -1
885 1 516 458 74 40 0 0 -1
885 2 803 335 53 30 0 0 -1
886 1 521 463 74 40 0 0 -1
886 2 807 336 53 28 0 0 -1
887 1 526 468 74 40 0 0 -1
887 2 812 338 56 30 0 0 -1
888 1 536 473 74 40 0 0 -1
888 2 813 336 55 30 0 0 -1
889 1 536 473 74 40 0 0 -1
889 2 822 336 54 33 0 0 -1
890 1 541 483 74 40 0 0 -1
890 2 824 339 60 26 0 0 -1
891 1 546 488 74 40 0 0 -1
891 2 821 336 62 30 0 0 -1
892 1 556 488 74 40 0 0 -1
892 2 826 336 66 30 0 0 -1
893 1 566 493 74 40 0 0 -1
893 2 833 336 57 33 0 0 -1
894 1 576 498 74 40 0 0 -1
894 2 841 336 53 30 0 0 -1
895 1 576 498 74 40 0 0 -1
895 2 841 338 61 27 0 0 -1
896 1 581 503 74 40 0 0 -1
896 2 850 338 57 30 0 0 -1
897 1 586 513 74 40 0 0 -1
897 2 852 335 58 33 0 0 -1
898 1 596 513 74 40 0 0 -1
898 2 858 338 53 29 0 0 -1
899 1 601 523 74 40 0 0 -1
899 2 862 338 56 27 0 0 -1
900 1 606 528 74 40 0 0 -1
900 2 868 336 51 29 0 0 -1
901 1 606 528 74 40 0 0 -1
901 2 869 336 51 30 0 0 -1
902 1 616 533 74 40 0 0 -1
902 2 876 336 46 29 0 0 -1
903 1 621 538 74 40 0 0 -1
903 2 877 338 50 30 0 0 -1
904 1 626 543 74 40 0 0 -1
904 2 880 335 50 30 0 0 -1
905 1 631 543 74 40 0 0 -1
905 2 884 336 51 29 0 0 -1
906 1 646 548 74 40 0 0 -1
906 2 888 336 52 28 0 0 -1
907 1 646 548 74 40 0 0 -1
907 2 892 336 48 29 0 0 -1
908 1 651 548 74 40 0 0 -1
908 2 894 336 49 30 0 0 -1
909 1 656 553 74 40 0 0 -1
909 2 898 336 49 29 0 0 -1
910 1 661 553 74 40 0 0 -1
910 2 906 338 45 26 0 0 -1
911 1 671 555 74 40 0 0 -1
911 2 903 335 53 30 0 0 -1
912 1 675 558 74 40 0 0 -1
912 2 910 334 50 32 0 0 -1
913 1 675 558 74 40 0 0 -1
913 2 914 334 50 30 0 0 -1
914 1 685 563 74 40 0 0 -1
914 2 919 334 51 31 0 0 -1
915 1 695 563 74 40 0 0 -1
915 2 924 338 46 27 0 0 -1
916 1 700 568 74 40 0 0 -1
916 2 928 336 47 30 0 0 -1
917 1 705 568 74 40 0 0 -1
917 2 934 335 40 30 0 0 -1
918 1 710 568 74 40 0 0 -1
918 2 932 335 45 30 0 0 -1
919 1 710 568 74 40 0 0 -1
919 2 937 335 49 33 0 0 -1
920 1 715 568 74 40 0 0 -1
920 2 939 335 52 29 0 0 -1
921 1 725 568 74 40 0 0 -1
921 2 940 335 52 30 0 0 -1
922 1 730 568 74 40 0 0 -1
922 2 945 335 50 29 0 0 -1
923 1 740 568 74 40 0 0 -1
923 2 947 336 48 28 0 0 -1
924 1 745 568 74 40 0 0 -1
924 2 951 338 57 27 0 0 -1
925 1 745 573 74 40 0 0 -1
925 2 953 335 60 31 0 0 -1
926 1 750 568 74 40 0 0 -1
926 2 958 335 47 28 0 0 -1
927 1 760 568 74 40 0 0 -1
927 2 961 335 42 30 0 0 -1
928 1 765 568 74 40 0 0 -1
928 2 965 334 50 30 0 0 -1
929 1 775 568 74 40 0 0 -1
929 2 964 334 47 34 0 0 -1
930 1 780 568 74 40 0 0 -1
930 2 962 334 57 31 0 0 -1
931 1 780 568 74 40 0 0 -1
931 2 968 336 51 28 0 0 -1
932 1 790 573 74 40 0 0 -1
932 2 970 335 50 31 0 0 -1
933 1 795 573 74 40 0 0 -1
933 2 971 338 58 30 0 0 -1
934 1 805 568 74 40 0 0 -1
934 2 981 338 45 27 0 0 -1
935 1 810 573 74 40 0 0 -1
935 2 979 339 50 27 0 0 -1
936 1 815 572 79 36 0 0 -1
936 2 982 339 47 27 0 0 -1
937 1 815 572 79 36 0 0 -1
937 2 985 339 51 27 0 0 -1
938 1 825 572 79 36 0 0 -1
938 2 985 340 49 23 0 0 -1
939 1 830 567 79 36 0 0 -1
939 2 983 336 51 30 0 0 -1
940 1 840 562 79 36 0 0 -1
940 2 987 335 47 33 0 0 -1
941 1 845 562 79 36 0 0 -1
941 2 986 338 51 28 0 0 -1
942 1 855 557 79 36 0 0 -1
942 2 990 339 44 29 0 0 -1
943 1 855 557 79 36 0 0 -1
943 2 988 340 51 26 0 0 -1
944 1 860 552 79 36 0 0 -1
944 2 987 342 55 28 0 0 -1
945 1 870 547 79 36 0 0 -1
945 2 991 340 46 32 0 0 -1
946 1 875 547 79 36 0 0 -1
946 2 991 339 47 30 0 0 -1
947 1 885 542 79 36 0 0 -1
947 2 990 340 48 29 0 0 -1
948 1 895 542 79 36 0 0 -1
948 2 992 342 51 30 0 0 -1
949 1 895 542 79 36 0 0 -1
949 2 992 340 50 32 0 0 -1
950 1 905 542 79 36 0 0 -1
950 2 994 338 44 31 0 0 -1
951 1 910 537 79 36 0 0 -1
951 2 994 342 49 32 0 0 -1
952 1 920 537 79 36 0 0 -1
952 2 994 343 42 29 0 0 -1
953 1 925 532 79 36 0 0 -1
953 2 995 339 47 33 0 0 -1
954 1 930 532 79 36 0 0 -1
954 2 994 339 51 33 0 0 -1
955 1 935 532 79 36 0 0 -1
955 2 992 338 51 30 0 0 -1
956 1 940 532 79 36 0 0 -1
956 2 994 335 52 37 0 0 -1
957 1 945 527 79 36 0 0 -1
957 2 995 335 52 37 0 0 -1
958 1 955 527 79 36 0 0 -1
958 2 995 336 54 36 0 0 -1
959 1 960 522 79 36 0 0 -1
959 2 994 336 56 32 0 0 -1
960 1 965 512 79 36 0 0 -1
960 2 996 336 53 36 0 0 -1
961 1 970 507 79 36 0 0 -1
961 2 999 338 50 30 0 0 -1
962 1 970 507 79 36 0 0 -1
962 2 995 336 58 30 0 0 -1
963 1 975 497 79 36 0 0 -1
963 2 1002 336 47 30 0 0 -1
964 1 983 497 79 36 0 0 -1
964 2 998 336 57 29 0 0 -1
965 1 983 487 79 36 0 0 -1
965 2 1003 332 52 33 0 0 -1
966 1 988 482 79 36 0 0 -1
966 2 1005 332 48 31 0 0 -1
967 1 988 472 79 36 0 0 -1
967 2 1008 331 45 33 0 0 -1
968 1 993 472 79 36 0 0 -1
968 2 1005 331 50 32 0 0 -1
969 1 993 472 79 36 0 0 -1
969 2 1003 326 55 37 0 0 -1
970 1 998 462 79 36 0 0 -1
970 2 1003 326 55 31 0 0 -1
971 1 1003 457 79 36 0 0 -1
971 2 1003 326 50 29 0 0 -1
972 1 1003 452 79 36 0 0 -1
972 2 1003 327 55 32 0 0 -1
973 1 1008 452 79 36 0 0 -1
973 2 1004 327 54 27 0 0 -1
974 1 1008 452 79 36 0 0 -1
974 2 1008 325 54 30 0 0 -1
975 1 1008 442 79 36 0 0 -1
975 2 1007 326 48 27 0 0 -1
976 1 1013 442 79 36 0 0 -1
976 2 1012 323 50 29 0 0 -1
977 1 1013 437 79 36 0 0 -1
977 2 1008 322 47 29 0 0 -1
978 1 1018 432 79 36 0 0 -1
978 2 1007 319 56 30 0 0 -1
979 1 1018 432 79 36 0 0 -1
979 2 1011 322 51 29 0 0 -1
980 1 1018 427 79 36 0 0 -1
980 2 1011 318 56 29 0 0 -1
981 1 1018 422 79 36 0 0 -1
981 2 1007 317 57 30 0 0 -1
982 1 1018 417 79 36 0 0 -1
982 2 1012 317 55 30 0 0 -1
983 1 1023 412 79 36 0 0 -1
983 2 1013 315 50 29 0 0 -1
984 1 1023 407 79 36 0 0 -1
984 2 1015 314 56 25 0 0 -1
985 1 1028 402 79 36 0 0 -1
985 2 1015 310 53 32 0 0 -1
986 1 1028 402 79 36 0 0 -1
986 2 1015 313 55 29 0 0 -1
987 1 1028 397 79 36 0 0 -1
987 2 1013 309 57 27 0 0 -1
988 1 1028 392 79 36 0 0 -1
988 2 1013 305 54 33 0 0 -1
989 1 1028 387 79 36 0 0 -1
989 2 1015 304 57 32 0 0 -1
990 1 1028 382 79 36 0 0 -1
990 2 1021 306 52 29 0 0 -1
991 1 1028 377 79 36 0 0 -1
991 2 1019 304 54 31 0 0 -1
992 1 1028 377 79 36 0 0 -1
992 2 1019 305 56 31 0 0 -1
993 1 1023 372 79 36 0 0 -1
993 2 1015 302 56 30 0 0 -1
994 1 1023 367 79 36 0 0 -1
994 2 1016 297 57 34 0 0 -1
995 1 1018 357 79 36 0 0 -1
995 2 1020 298 56 36 0 0 -1
996 1 1013 352 79 36 0 0 -1
996 2 1015 300 61 32 0 0 -1
997 1 1008 347 79 36 0 0 -1
997 2 1019 298 58 31 0 0 -1
998 1 1008 347 79 36 0 0 -1
998 2 1021 298 55 29 0 0 -1
999 1 1003 342 79 36 0 0 -1
999 2 1021 295 54 36 0 0 -1
1000 1 998 342 79 36 0 0 -1
1000 2 1019 293 54 34 0 0 -1
1001 1 993 337 79 36 0 0 -1
1001 2 1021 292 54 33 0 0 -1
1002 1 993 332 79 36 0 0 -1
1002 2 1020 293 59 34 0 0 -1
1003 1 988 332 79 36 0 0 -1
1003 2 1022 291 51 34 0 0 -1
1004 1 988 332 79 36 0 0 -1
1004 2 1016 292 59 33 0 0 -1
1005 1 988 327 79 36 0 0 -1
1005 2 1024 288 52 34 0 0 -1
1006 1 983 327 79 36 0 0 -1
1006 2 1021 288 54 34 0 0 -1
1007 1 983 322 79 36 0 0 -1
1007 2 1020 288 51 34 0 0 -1
1008 1 978 322 79 36 0 0 -1
1008 2 1021 288 46 33 0 0 -1
1009 1 978 317 79 36 0 0 -1
1009 2 1020 287 46 35 0 0 -1
1010 1 978 317 79 36 0 0 -1
1010 2 1020 288 50 33 0 0 -1
1011 1 978 317 79 36 0 0 -1
1011 2 1022 288 41 33 0 0 -1
1012 1 978 317 79 36 0 0 -1
1012 2 1017 287 43 31 0 0 -1
1013 1 978 317 79 36 0 0 -1
1013 2 1017 285 43 33 0 0 -1
1014 1 978 317 79 36 0 0 -1
1014 2 1017 284 43 34 0 0 -1
1015 1 978 322 79 36 0 0 -1
1015 2 1011 283 47 34 0 0 -1
1016 1 978 322 79 36 0 0 -1
1016 2 1009 281 51 34 0 0 -1
1017 1 978 332 79 36 0 0 -1
1017 2 1004 283 50 32 0 0 -1
1018 1 978 342 79 36 0 0 -1
1018 2 1005 284 51 30 0 0 -1
1019 1 978 352 79 36 0 0 -1
1019 2 1008 281 52 31 0 0 -1
1020 1 973 362 79 36 0 0 -1
1020 2 1003 281 53 32 0 0 -1
1021 1 973 367 79 36 0 0 -1
1021 2 999 279 55 33 0 0 -1
1022 1 973 367 79 36 0 0 -1
1022 2 1002 278 52 34 0 0 -1
1023 1 973 367 79 36 0 0 -1
1023 2 997 276 53 33 0 0 -1
1024 1 973 372 79 36 0 0 -1
1024 2 996 278 59 32 0 0 -1
1025 1 963 377 79 36 0 0 -1
1025 2 988 278 58 31 0 0 -1
1026 1 963 387 79 36 0 0 -1
1026 2 990 278 52 30 0 0 -1
1027 1 963 397 79 36 0 0 -1
1027 2 991 276 48 29 0 0 -1
1028 1 963 397 79 36 0 0 -1
1028 2 987 274 52 28 0 0 -1
1029 1 963 412 79 36 0 0 -1
1029 2 975 271 67 33 0 0 -1
1030 1 953 427 79 36 0 0 -1
1030 2 978 270 54 31 0 0 -1
1031 1 953 437 79 36 0 0 -1
1031 2 979 271 59 33 0 0 -1
1032 1 948 442 79 36 0 0 -1
1032 2 978 270 51 31 0 0 -1
1033 1 943 447 79 36 0 0 -1
1033 2 973 266 55 32 0 0 -1
1034 1 943 447 79 36 0 0 -1
1034 2 973 267 56 30 0 0 -1
1035 1 943 447 79 36 0 0 -1
1035 2 971 266 54 32 0 0 -1
1036 1 943 452 79 36 0 0 -1
1036 2 968 262 54 31 0 0 -1
1037 1 943 452 79 36 0 0 -1
1037 2 962 264 55 32 0 0 -1
1038 1 943 457 79 36 0 0 -1
1038 2 961 261 61 32 0 0 -1
1039 1 943 457 79 36 0 0 -1
1039 2 962 261 58 28 0 0 -1
1040 1 943 457 79 36 0 0 -1
1040 2 958 261 58 27 0 0 -1
1041 1 943 457 79 36 0 0 -1
1041 2 962 257 50 34 0 0 -1
1042 1 943 457 79 36 0 0 -1
1042 2 964 257 44 28 0 0 -1
1043 1 943 457 79 36 0 0 -1
1043 2 958 258 51 30 0 0 -1
1044 1 943 462 79 36 0 0 -1
1044 2 954 254 58 30 0 0 -1
1045 1 943 462 79 36 0 0 -1
1045 2 954 253 53 31 0 0 -1
1046 1 943 462 79 36 0 0 -1
1046 2 953 250 51 34 0 0 -1
1047 1 943 462 79 36 0 0 -1
1047 2 951 251 56 30 0 0 -1
1048 1 948 462 79 36 0 0 -1
1048 2 956 249 49 30 0 0 -1
1049 1 948 462 79 36 0 0 -1
1049 2 952 249 47 32 0 0 -1
1050 1 948 467 79 36 0 0 -1
1050 2 949 249 54 27 0 0 -1
