1 1 929 559 243 142 0 0 -1
1 2 918 541 38 39 0 0 -1
2 1 932 556 243 147 0 0 -1
2 2 914 543 37 42 0 0 -1
3 1 927 558 242 146 0 0 -1
3 2 910 554 37 42 0 0 -1
4 1 926 559 241 141 0 0 -1
4 2 910 558 37 42 0 0 -1
5 1 921 561 239 140 0 0 -1
5 2 914 554 35 41 0 0 -1
6 1 924 558 230 140 0 0 -1
6 2 914 554 35 41 0 0 -1
7 1 916 560 230 140 0 0 -1
7 2 909 559 35 44 0 0 -1
8 1 918 560 230 140 0 0 -1
8 2 907 568 33 40 0 0 -1
9 1 910 560 230 140 0 0 -1
9 2 907 568 34 46 0 0 -1
10 1 906 562 230 133 0 0 -1
10 2 911 571 34 46 0 0 -1
11 1 905 558 225 133 0 0 -1
11 2 913 577 34 46 0 0 -1
12 1 899 558 224 133 0 0 -1
12 2 910 579 34 46 0 0 -1
13 1 896 558 218 127 0 0 -1
13 2 909 587 34 46 0 0 -1
14 1 896 561 222 125 0 0 -1
14 2 916 600 34 46 0 0 -1
15 1 890 561 222 125 0 0 -1
15 2 922 599 34 46 0 0 -1
16 1 888 559 216 125 0 0 -1
16 2 927 608 34 46 0 0 -1
17 1 886 552 216 125 0 0 -1
17 2 932 622 34 46 0 0 -1
18 1 886 554 211 122 0 0 -1
18 2 933 622 31 46 0 0 -1
19 1 886 552 211 122 0 0 -1
19 2 938 622 31 46 0 0 -1
20 1 881 551 211 122 0 0 -1
20 2 942 624 31 46 0 0 -1
21 1 881 549 211 120 0 0 -1
21 2 939 628 31 46 0 0 -1
22 1 881 549 211 120 0 0 -1
22 2 938 629 31 46 0 0 -1
23 1 885 544 207 122 0 0 -1
23 2 938 630 35 48 0 0 -1
24 1 891 544 201 116 0 0 -1
24 2 939 633 35 48 0 0 -1
25 1 897 544 200 116 0 0 -1
25 2 941 626 35 48 0 0 -1
26 1 897 544 200 116 0 0 -1
26 2 938 618 37 48 0 0 -1
27 1 902 544 200 116 0 0 -1
27 2 938 630 39 48 0 0 -1
28 1 907 544 200 116 0 0 -1
28 2 944 628 38 49 0 0 -1
29 1 912 539 200 116 0 0 -1
29 2 948 629 42 48 0 0 -1
30 1 922 539 196 116 0 0 -1
30 2 954 639 40 48 0 0 -1
31 1 927 539 196 116 0 0 -1
31 2 961 646 43 49 0 0 -1
32 1 927 539 196 116 0 0 -1
32 2 968 649 43 50 0 0 -1
33 1 937 539 191 110 0 0 -1
33 2 973 657 43 50 0 0 -1
34 1 942 539 191 110 0 0 -1
34 2 979 662 43 50 0 0 -1
35 1 942 539 191 110 0 0 -1
35 2 985 666 43 50 0 0 -1
36 1 947 544 191 105 0 0 -1
36 2 987 675 45 50 0 0 -1
37 1 947 549 191 105 0 0 -1
37 2 981 685 49 54 0 0 -1
38 1 950 549 183 105 0 0 -1
38 2 981 680 49 54 0 0 -1
39 1 950 555 183 99 0 0 -1
39 2 986 682 49 54 0 0 -1
40 1 950 560 183 102 0 0 -1
40 2 992 676 47 50 0 0 -1
41 1 950 560 183 99 0 0 -1
41 2 996 670 47 50 0 0 -1
42 1 950 565 181 99 0 0 -1
42 2 1004 672 46 49 0 0 -1
43 1 950 570 181 99 0 0 -1
43 2 1013 651 47 50 0 0 -1
44 1 950 570 181 99 0 0 -1
44 2 1021 647 47 49 0 0 -1
45 1 950 575 181 99 0 0 -1
45 2 1030 645 47 50 0 0 -1
46 1 945 575 181 99 0 0 -1
46 2 1035 641 47 50 0 0 -1
47 1 940 580 181 99 0 0 -1
47 2 1044 638 40 50 0 0 -1
48 1 940 585 181 99 0 0 -1
48 2 1053 635 37 50 0 0 -1
49 1 940 585 181 99 0 0 -1
49 2 1057 639 40 50 0 0 -1
50 1 940 585 181 99 0 0 -1
50 2 1065 643 34 50 0 0 -1
51 1 940 585 181 99 0 0 -1
51 2 1069 646 38 50 0 0 -1
52 1 940 585 181 99 0 0 -1
52 2 1076 647 37 57 0 0 -1
53 1 940 580 181 99 0 0 -1
53 2 1075 661 38 55 0 0 -1
54 1 940 580 181 99 0 0 -1
54 2 1073 680 40 55 0 0 -1
55 1 940 580 181 99 0 0 -1
55 2 1072 692 41 55 0 0 -1
56 1 940 580 181 99 0 0 -1
56 2 1068 692 51 55 0 0 -1
57 1 935 580 181 99 0 0 -1
57 2 1072 682 47 55 0 0 -1
58 1 935 575 181 99 0 0 -1
58 2 1056 677 56 53 0 0 -1
59 1 930 570 181 99 0 0 -1
59 2 1028 663 56 53 0 0 -1
60 1 930 570 181 99 0 0 -1
60 2 1011 655 55 51 0 0 -1
61 1 926 565 185 99 0 0 -1
61 2 1004 633 59 54 0 0 -1
62 1 926 565 185 99 0 0 -1
62 2 992 601 61 55 0 0 -1
63 1 921 557 190 107 0 0 -1
63 2 979 587 62 52 0 0 -1
64 1 916 552 190 107 0 0 -1
64 2 968 576 60 56 0 0 -1
65 1 911 547 190 107 0 0 -1
65 2 960 556 59 57 0 0 -1
66 1 896 542 190 107 0 0 -1
66 2 949 554 57 56 0 0 -1
67 1 886 537 190 107 0 0 -1
67 2 951 556 51 60 0 0 -1
68 1 881 537 195 107 0 0 -1
68 2 951 560 40 53 0 0 -1
69 1 871 532 195 107 0 0 -1
69 2 946 569 42 57 0 0 -1
70 1 856 532 195 107 0 0 -1
70 2 943 583 38 57 0 0 -1
71 1 846 527 195 107 0 0 -1
71 2 943 591 40 50 0 0 -1
72 1 825 522 206 107 0 0 -1
72 2 939 585 43 63 0 0 -1
73 1 815 517 206 107 0 0 -1
73 2 942 603 45 66 0 0 -1
74 1 815 517 206 107 0 0 -1
74 2 948 605 53 62 0 0 -1
75 1 799 505 217 114 0 0 -1
75 2 966 605 52 63 0 0 -1
76 1 789 500 217 114 0 0 -1
76 2 970 606 59 66 0 0 -1
77 1 779 484 217 125 0 0 -1
77 2 969 609 64 64 0 0 -1
78 1 774 479 217 125 0 0 -1
78 2 991 604 53 61 0 0 -1
79 1 764 484 217 125 0 0 -1
79 2 997 599 61 61 0 0 -1
80 1 764 484 217 125 0 0 -1
80 2 1003 595 59 55 0 0 -1
81 1 756 504 220 125 0 0 -1
81 2 1013 578 57 55 0 0 -1
82 1 751 514 220 125 0 0 -1
82 2 1016 570 57 55 0 0 -1
83 1 732 519 239 134 0 0 -1
83 2 1017 569 63 56 0 0 -1
84 1 727 519 239 134 0 0 -1
84 2 1008 560 59 58 0 0 -1
85 1 729 519 242 134 0 0 -1
85 2 989 564 58 60 0 0 -1
86 1 729 519 242 134 0 0 -1
86 2 990 574 52 53 0 0 -1
87 1 739 529 242 134 0 0 -1
87 2 985 568 55 56 0 0 -1
88 1 749 534 248 139 0 0 -1
88 2 977 566 54 59 0 0 -1
89 1 759 539 261 139 0 0 -1
89 2 966 583 57 54 0 0 -1
90 1 774 579 273 154 0 0 -1
90 2 962 588 56 56 0 0 -1
91 1 779 664 273 154 0 0 -1
91 2 957 582 53 56 0 0 -1
92 1 779 664 273 154 0 0 -1
92 2 950 583 55 51 0 0 -1
93 1 799 683 258 145 0 0 -1
93 2 951 589 53 49 0 0 -1
94 1 804 688 266 145 0 0 -1
94 2 954 594 56 48 0 0 -1
95 1 814 693 280 150 0 0 -1
95 2 956 588 59 48 0 0 -1
96 1 829 698 280 150 0 0 -1
96 2 957 573 57 46 0 0 -1
97 1 839 703 280 150 0 0 -1
97 2 958 579 54 49 0 0 -1
98 1 839 703 280 150 0 0 -1
98 2 953 583 55 45 0 0 -1
99 1 854 701 280 157 0 0 -1
99 2 951 572 62 49 0 0 -1
100 1 869 706 280 157 0 0 -1
100 2 954 576 60 49 0 0 -1
101 1 874 706 280 157 0 0 -1
101 2 954 576 63 52 0 0 -1
102 1 889 706 280 157 0 0 -1
102 2 947 576 65 54 0 0 -1
103 1 904 706 280 157 0 0 -1
103 2 944 587 69 55 0 0 -1
104 1 904 706 280 157 0 0 -1
104 2 939 596 70 56 0 0 -1
105 1 919 706 280 157 0 0 -1
105 2 936 609 69 58 0 0 -1
106 1 924 702 280 151 0 0 -1
106 2 926 619 71 55 0 0 -1
107 1 929 702 280 151 0 0 -1
107 2 920 638 69 54 0 0 -1
108 1 944 698 273 149 0 0 -1
108 2 915 653 66 56 0 0 -1
109 1 959 691 273 156 0 0 -1
109 2 911 661 68 57 0 0 -1
110 1 959 693 273 149 0 0 -1
110 2 912 666 66 54 0 0 -1
111 1 969 688 273 149 0 0 -1
111 2 901 654 73 59 0 0 -1
112 1 974 688 273 149 0 0 -1
112 2 899 632 76 58 0 0 -1
113 1 979 693 273 149 0 0 -1
113 2 908 619 71 52 0 0 -1
114 1 989 691 267 146 0 0 -1
114 2 912 592 73 53 0 0 -1
115 1 1004 691 262 142 0 0 -1
115 2 917 562 74 54 0 0 -1
116 1 1004 691 262 142 0 0 -1
116 2 931 529 67 53 0 0 -1
117 1 1014 691 262 142 0 0 -1
117 2 937 513 71 54 0 0 -1
118 1 1019 691 262 142 0 0 -1
118 2 948 504 78 54 0 0 -1
119 1 1026 696 255 137 0 0 -1
119 2 963 484 75 53 0 0 -1
120 1 1031 696 255 137 0 0 -1
120 2 968 483 80 51 0 0 -1
121 1 1036 696 255 137 0 0 -1
121 2 972 487 78 53 0 0 -1
122 1 1036 696 255 137 0 0 -1
122 2 983 484 70 58 0 0 -1
123 1 1041 696 255 137 0 0 -1
123 2 978 493 79 59 0 0 -1
124 1 1051 701 245 137 0 0 -1
124 2 986 503 77 58 0 0 -1
125 1 1066 696 245 137 0 0 -1
125 2 989 516 70 55 0 0 -1
126 1 1081 696 245 137 0 0 -1
126 2 980 530 75 56 0 0 -1
127 1 1085 699 245 137 0 0 -1
127 2 986 539 73 53 0 0 -1
128 1 1085 699 245 137 0 0 -1
128 2 992 548 67 57 0 0 -1
129 1 1085 699 245 137 0 0 -1
129 2 983 561 73 60 0 0 -1
130 1 1090 694 245 137 0 0 -1
130 2 987 569 72 60 0 0 -1
131 1 1095 684 245 137 0 0 -1
131 2 979 586 70 59 0 0 -1
132 1 1095 645 244 131 0 0 -1
132 2 966 607 77 60 0 0 -1
133 1 1095 595 244 131 0 0 -1
133 2 960 615 77 58 0 0 -1
134 1 1095 600 244 128 0 0 -1
134 2 967 620 70 59 0 0 -1
135 1 1095 545 244 128 0 0 -1
135 2 958 621 76 61 0 0 -1
136 1 1095 490 244 128 0 0 -1
136 2 950 617 78 64 0 0 -1
137 1 1100 450 232 128 0 0 -1
137 2 946 614 77 63 0 0 -1
138 1 1085 425 232 128 0 0 -1
138 2 938 601 78 66 0 0 -1
139 1 1060 405 232 128 0 0 -1
139 2 931 598 79 68 0 0 -1
140 1 1066 405 226 128 0 0 -1
140 2 929 596 75 70 0 0 -1
141 1 1026 380 226 128 0 0 -1
141 2 925 593 76 62 0 0 -1
142 1 990 357 226 128 0 0 -1
142 2 921 584 74 70 0 0 -1
143 1 939 348 222 127 0 0 -1
143 2 912 584 77 70 0 0 -1
144 1 885 344 222 127 0 0 -1
144 2 906 575 81 69 0 0 -1
145 1 835 341 222 127 0 0 -1
145 2 903 573 79 71 0 0 -1
146 1 837 345 222 125 0 0 -1
146 2 904 554 72 69 0 0 -1
147 1 793 347 222 125 0 0 -1
147 2 898 548 71 79 0 0 -1
148 1 748 373 222 125 0 0 -1
148 2 889 546 76 69 0 0 -1
149 1 715 401 222 125 0 0 -1
149 2 886 537 79 73 0 0 -1
150 1 696 423 216 125 0 0 -1
150 2 892 527 75 71 0 0 -1
151 1 673 443 213 125 0 0 -1
151 2 893 530 70 74 0 0 -1
152 1 673 443 213 125 0 0 -1
152 2 886 526 73 74 0 0 -1
153 1 657 475 213 125 0 0 -1
153 2 884 533 78 69 0 0 -1
154 1 644 503 213 120 0 0 -1
154 2 886 524 80 78 0 0 -1
155 1 634 523 213 120 0 0 -1
155 2 889 526 82 78 0 0 -1
156 1 624 533 213 120 0 0 -1
156 2 891 538 79 73 0 0 -1
157 1 619 548 213 120 0 0 -1
157 2 897 546 82 80 0 0 -1
158 1 619 558 213 120 0 0 -1
158 2 908 549 82 81 0 0 -1
159 1 619 558 213 120 0 0 -1
159 2 910 548 82 81 0 0 -1
160 1 644 563 213 120 0 0 -1
160 2 914 553 91 76 0 0 -1
161 1 679 563 213 120 0 0 -1
161 2 918 556 91 79 0 0 -1
162 1 714 558 213 120 0 0 -1
162 2 922 553 86 84 0 0 -1
163 1 749 558 213 120 0 0 -1
163 2 919 555 87 81 0 0 -1
164 1 779 558 213 120 0 0 -1
164 2 909 550 93 81 0 0 -1
165 1 783 558 204 120 0 0 -1
165 2 911 543 94 82 0 0 -1
166 1 799 558 213 120 0 0 -1
166 2 921 537 83 82 0 0 -1
167 1 828 558 204 120 0 0 -1
167 2 913 540 92 76 0 0 -1
168 1 843 558 204 120 0 0 -1
168 2 920 528 87 82 0 0 -1
169 1 853 558 204 120 0 0 -1
169 2 922 523 79 80 0 0 -1
170 1 863 558 199 103 0 0 -1
170 2 908 522 87 82 0 0 -1
171 1 863 558 196 103 0 0 -1
171 2 908 525 81 85 0 0 -1
172 1 868 558 196 103 0 0 -1
172 2 900 527 93 82 0 0 -1
173 1 863 558 197 101 0 0 -1
173 2 903 527 94 77 0 0 -1
174 1 866 558 192 97 0 0 -1
174 2 911 533 85 74 0 0 -1
175 1 866 553 185 100 0 0 -1
175 2 899 532 90 84 0 0 -1
176 1 861 553 185 94 0 0 -1
176 2 903 542 88 89 0 0 -1
177 1 861 553 185 91 0 0 -1
177 2 909 546 81 84 0 0 -1
178 1 850 543 183 97 0 0 -1
178 2 896 564 92 78 0 0 -1
179 1 842 541 183 88 0 0 -1
179 2 896 580 92 75 0 0 -1
180 1 837 541 183 88 0 0 -1
180 2 906 581 88 79 0 0 -1
181 1 827 536 183 88 0 0 -1
181 2 899 586 98 85 0 0 -1
182 1 822 531 178 88 0 0 -1
182 2 897 602 94 88 0 0 -1
183 1 822 531 178 88 0 0 -1
183 2 903 619 86 82 0 0 -1
184 1 807 531 178 88 0 0 -1
184 2 890 622 94 86 0 0 -1
185 1 797 526 178 88 0 0 -1
185 2 884 617 89 92 0 0 -1
186 1 787 521 178 88 0 0 -1
186 2 885 616 80 91 0 0 -1
187 1 777 516 178 88 0 0 -1
187 2 877 625 93 82 0 0 -1
188 1 767 506 178 88 0 0 -1
188 2 877 616 96 83 0 0 -1
189 1 767 511 178 88 0 0 -1
189 2 874 600 93 84 0 0 -1
190 1 762 511 178 88 0 0 -1
190 2 867 592 92 77 0 0 -1
191 1 762 511 178 88 0 0 -1
191 2 884 578 85 88 0 0 -1
192 1 757 516 178 88 0 0 -1
192 2 873 561 102 91 0 0 -1
193 1 752 541 178 88 0 0 -1
193 2 887 538 82 88 0 0 -1
194 1 762 551 178 88 0 0 -1
194 2 892 506 98 87 0 0 -1
195 1 762 551 178 88 0 0 -1
195 2 905 492 91 74 0 0 -1
196 1 777 566 178 88 0 0 -1
196 2 908 461 93 88 0 0 -1
197 1 792 581 178 88 0 0 -1
197 2 921 440 95 82 0 0 -1
198 1 807 591 178 88 0 0 -1
198 2 934 407 88 80 0 0 -1
199 1 832 601 178 88 0 0 -1
199 2 934 368 97 81 0 0 -1
200 1 842 606 178 88 0 0 -1
200 2 945 360 81 74 0 0 -1
201 1 847 606 173 88 0 0 -1
201 2 936 347 99 80 0 0 -1
202 1 852 606 173 88 0 0 -1
202 2 936 350 83 90 0 0 -1
203 1 867 606 173 88 0 0 -1
203 2 922 377 97 83 0 0 -1
204 1 877 606 173 88 0 0 -1
204 2 918 405 97 79 0 0 -1
205 1 887 606 173 88 0 0 -1
205 2 917 429 87 80 0 0 -1
206 1 897 606 173 88 0 0 -1
206 2 905 446 105 82 0 0 -1
207 1 897 606 173 88 0 0 -1
207 2 904 483 93 80 0 0 -1
208 1 897 596 173 88 0 0 -1
208 2 883 512 96 82 0 0 -1
209 1 902 601 173 88 0 0 -1
209 2 884 522 93 78 0 0 -1
210 1 907 601 173 88 0 0 -1
210 2 867 538 107 76 0 0 -1
211 1 902 591 173 88 0 0 -1
211 2 865 545 94 78 0 0 -1
212 1 902 587 173 92 0 0 -1
212 2 847 556 95 72 0 0 -1
213 1 902 587 173 92 0 0 -1
213 2 840 544 102 75 0 0 -1
214 1 902 582 173 92 0 0 -1
214 2 838 543 99 72 0 0 -1
215 1 902 582 173 92 0 0 -1
215 2 836 546 106 72 0 0 -1
216 1 892 572 173 92 0 0 -1
216 2 857 545 89 72 0 0 -1
217 1 892 562 173 92 0 0 -1
217 2 857 549 95 68 0 0 -1
218 1 887 562 173 92 0 0 -1
218 2 875 542 96 67 0 0 -1
219 1 887 562 173 92 0 0 -1
219 2 881 535 103 65 0 0 -1
220 1 882 562 173 92 0 0 -1
220 2 893 544 100 64 0 0 -1
221 1 882 562 173 92 0 0 -1
221 2 891 542 108 68 0 0 -1
222 1 877 567 173 92 0 0 -1
222 2 905 543 95 60 0 0 -1
223 1 867 572 173 92 0 0 -1
223 2 904 547 100 61 0 0 -1
224 1 862 572 173 92 0 0 -1
224 2 912 544 88 66 0 0 -1
225 1 862 572 173 92 0 0 -1
225 2 897 560 98 56 0 0 -1
226 1 862 577 173 92 0 0 -1
226 2 904 568 94 56 0 0 -1
227 1 857 577 173 92 0 0 -1
227 2 898 569 103 52 0 0 -1
228 1 852 577 173 92 0 0 -1
228 2 897 571 100 49 0 0 -1
229 1 842 577 173 92 0 0 -1
229 2 899 581 100 50 0 0 -1
230 1 842 577 173 92 0 0 -1
230 2 890 594 112 51 0 0 -1
231 1 842 577 173 92 0 0 -1
231 2 891 605 104 50 0 0 -1
232 1 832 582 173 92 0 0 -1
232 2 890 612 102 52 0 0 -1
233 1 822 582 173 92 0 0 -1
233 2 882 617 108 53 0 0 -1
234 1 817 582 173 92 0 0 -1
234 2 890 619 104 52 0 0 -1
235 1 807 582 173 92 0 0 -1
235 2 898 614 89 54 0 0 -1
236 1 802 577 173 92 0 0 -1
236 2 885 609 102 55 0 0 -1
237 1 797 577 173 92 0 0 -1
237 2 879 607 108 55 0 0 -1
238 1 792 577 173 92 0 0 -1
238 2 883 587 107 54 0 0 -1
239 1 797 577 173 92 0 0 -1
239 2 893 567 95 54 0 0 -1
240 1 802 577 173 92 0 0 -1
240 2 896 545 98 56 0 0 -1
241 1 791 577 179 92 0 0 -1
241 2 902 517 109 57 0 0 -1
242 1 786 572 179 92 0 0 -1
242 2 926 489 97 56 0 0 -1
243 1 786 572 179 92 0 0 -1
243 2 940 465 94 56 0 0 -1
244 1 791 567 179 92 0 0 -1
244 2 943 438 112 56 0 0 -1
245 1 791 557 179 92 0 0 -1
245 2 956 422 102 56 0 0 -1
246 1 791 552 179 92 0 0 -1
246 2 973 407 91 56 0 0 -1
247 1 791 547 179 92 0 0 -1
247 2 974 388 112 55 0 0 -1
248 1 791 547 179 92 0 0 -1
248 2 977 382 112 57 0 0 -1
249 1 791 542 179 92 0 0 -1
249 2 979 382 97 56 0 0 -1
250 1 791 542 179 92 0 0 -1
250 2 983 381 98 59 0 0 -1
251 1 791 537 179 92 0 0 -1
251 2 970 383 104 62 0 0 -1
252 1 791 537 179 92 0 0 -1
252 2 959 391 97 62 0 0 -1
253 1 791 537 179 92 0 0 -1
253 2 945 401 106 65 0 0 -1
254 1 786 537 179 92 0 0 -1
254 2 945 411 109 69 0 0 -1
255 1 791 537 179 92 0 0 -1
255 2 944 424 95 63 0 0 -1
256 1 791 537 179 92 0 0 -1
256 2 943 432 97 70 0 0 -1
257 1 785 537 185 92 0 0 -1
257 2 931 454 97 66 0 0 -1
258 1 780 537 185 92 0 0 -1
258 2 930 459 111 72 0 0 -1
259 1 775 537 185 92 0 0 -1
259 2 935 471 94 67 0 0 -1
260 1 785 547 185 92 0 0 -1
260 2 925 483 109 74 0 0 -1
261 1 785 547 185 92 0 0 -1
261 2 917 496 108 68 0 0 -1
262 1 780 557 185 92 0 0 -1
262 2 927 497 97 69 0 0 -1
263 1 775 557 185 92 0 0 -1
263 2 912 505 117 70 0 0 -1
264 1 785 557 185 92 0 0 -1
264 2 928 519 96 63 0 0 -1
265 1 810 572 185 92 0 0 -1
265 2 913 513 120 66 0 0 -1
266 1 810 577 185 92 0 0 -1
266 2 918 522 106 66 0 0 -1
267 1 810 577 185 92 0 0 -1
267 2 906 524 118 66 0 0 -1
268 1 810 583 185 86 0 0 -1
268 2 899 522 122 64 0 0 -1
269 1 825 593 185 86 0 0 -1
269 2 903 528 109 65 0 0 -1
270 1 825 593 185 86 0 0 -1
270 2 896 531 131 64 0 0 -1
271 1 825 593 185 86 0 0 -1
271 2 908 528 104 68 0 0 -1
272 1 820 583 185 86 0 0 -1
272 2 891 535 130 69 0 0 -1
273 1 820 583 185 86 0 0 -1
273 2 894 551 116 65 0 0 -1
274 1 820 583 185 86 0 0 -1
274 2 887 552 123 67 0 0 -1
275 1 820 583 185 86 0 0 -1
275 2 886 557 131 68 0 0 -1
276 1 810 578 185 86 0 0 -1
276 2 894 555 110 69 0 0 -1
277 1 795 573 185 86 0 0 -1
277 2 879 556 134 70 0 0 -1
278 1 790 573 185 86 0 0 -1
278 2 889 558 120 69 0 0 -1
279 1 790 573 185 86 0 0 -1
279 2 870 545 123 71 0 0 -1
280 1 780 563 185 86 0 0 -1
280 2 857 549 139 72 0 0 -1
281 1 770 558 185 86 0 0 -1
281 2 867 548 118 75 0 0 -1
282 1 755 553 185 86 0 0 -1
282 2 848 555 135 75 0 0 -1
283 1 745 543 185 86 0 0 -1
283 2 849 561 136 78 0 0 -1
284 1 740 538 185 86 0 0 -1
284 2 856 575 114 81 0 0 -1
285 1 735 538 185 86 0 0 -1
285 2 838 586 139 80 0 0 -1
286 1 730 533 185 81 0 0 -1
286 2 833 596 133 81 0 0 -1
287 1 725 528 185 81 0 0 -1
287 2 831 603 143 87 0 0 -1
288 1 715 523 185 81 0 0 -1
288 2 835 610 129 85 0 0 -1
289 1 710 523 179 81 0 0 -1
289 2 845 614 126 83 0 0 -1
290 1 705 528 179 81 0 0 -1
290 2 837 616 130 82 0 0 -1
291 1 705 528 179 81 0 0 -1
291 2 836 611 133 87 0 0 -1
292 1 710 528 179 81 0 0 -1
292 2 835 586 142 91 0 0 -1
293 1 720 533 179 81 0 0 -1
293 2 831 576 137 87 0 0 -1
294 1 735 533 179 81 0 0 -1
294 2 843 584 144 85 0 0 -1
295 1 755 538 179 75 0 0 -1
295 2 850 571 134 85 0 0 -1
296 1 770 543 179 75 0 0 -1
296 2 859 555 137 88 0 0 -1
297 1 770 543 179 75 0 0 -1
297 2 868 554 140 96 0 0 -1
298 1 800 548 179 75 0 0 -1
298 2 879 565 132 93 0 0 -1
299 1 830 553 179 75 0 0 -1
299 2 885 564 145 95 0 0 -1
300 1 850 553 179 75 0 0 -1
300 2 892 567 134 96 0 0 -1
301 1 890 568 179 75 0 0 -1
301 2 890 577 139 97 0 0 -1
302 1 915 568 179 75 0 0 -1
302 2 891 581 146 98 0 0 -1
303 1 915 568 179 75 0 0 -1
303 2 901 594 133 95 0 0 -1
304 1 935 568 179 75 0 0 -1
304 2 899 582 144 93 0 0 -1
305 1 950 568 179 75 0 0 -1
305 2 889 562 140 96 0 0 -1
306 1 965 573 179 75 0 0 -1
306 2 885 564 148 97 0 0 -1
307 1 985 573 179 75 0 0 -1
307 2 877 573 132 97 0 0 -1
308 1 1000 573 175 75 0 0 -1
308 2 878 569 148 102 0 0 -1
309 1 1000 573 175 75 0 0 -1
309 2 877 547 137 105 0 0 -1
310 1 1010 573 175 75 0 0 -1
310 2 879 561 150 101 0 0 -1
311 1 1010 573 175 75 0 0 -1
311 2 885 555 139 113 0 0 -1
312 1 1010 573 175 75 0 0 -1
312 2 883 565 149 112 0 0 -1
313 1 1010 573 175 75 0 0 -1
313 2 885 578 151 115 0 0 -1
314 1 1010 573 175 75 0 0 -1
314 2 883 587 149 121 0 0 -1
315 1 1010 573 175 75 0 0 -1
315 2 883 606 165 115 0 0 -1
316 1 1005 573 175 75 0 0 -1
316 2 890 604 153 125 0 0 -1
317 1 995 573 175 75 0 0 -1
317 2 894 637 176 113 0 0 -1
318 1 990 573 175 75 0 0 -1
318 2 900 635 167 127 0 0 -1
319 1 985 573 175 75 0 0 -1
319 2 902 650 153 116 0 0 -1
320 1 970 573 175 75 0 0 -1
320 2 898 647 162 127 0 0 -1
321 1 965 573 175 75 0 0 -1
321 2 888 665 173 124 0 0 -1
322 1 970 573 165 75 0 0 -1
322 2 886 666 164 122 0 0 -1
323 1 960 583 165 75 0 0 -1
323 2 892 670 162 128 0 0 -1
324 1 950 593 165 75 0 0 -1
324 2 891 690 169 116 0 0 -1
325 1 940 603 165 75 0 0 -1
325 2 872 667 172 127 0 0 -1
326 1 930 618 165 75 0 0 -1
326 2 859 674 168 120 0 0 -1
327 1 920 623 165 75 0 0 -1
327 2 875 677 168 119 0 0 -1
328 1 920 623 165 75 0 0 -1
328 2 864 652 163 117 0 0 -1
329 1 910 623 165 75 0 0 -1
329 2 858 656 168 110 0 0 -1
330 1 900 623 165 75 0 0 -1
330 2 868 629 173 110 0 0 -1
331 1 890 623 165 75 0 0 -1
331 2 861 620 168 99 0 0 -1
332 1 885 623 165 75 0 0 -1
332 2 866 632 175 96 0 0 -1
333 1 880 623 165 75 0 0 -1
333 2 873 625 157 90 0 0 -1
334 1 880 623 165 75 0 0 -1
334 2 892 616 157 79 0 0 -1
335 1 870 623 165 75 0 0 -1
335 2 890 629 168 87 0 0 -1
336 1 865 623 165 75 0 0 -1
336 2 881 649 173 81 0 0 -1
337 1 860 623 165 75 0 0 -1
337 2 865 664 169 84 0 0 -1
338 1 855 623 165 75 0 0 -1
338 2 864 679 187 82 0 0 -1
339 1 850 618 165 75 0 0 -1
339 2 866 693 186 85 0 0 -1
340 1 850 618 165 75 0 0 -1
340 2 882 696 144 89 0 0 -1
341 1 845 613 165 75 0 0 -1
341 2 882 706 149 88 0 0 -1
