1 1 619 372 162 94 0 0 -1
1 2 602 100 45 33 0 0 -1
2 1 621 370 162 98 0 0 -1
2 2 602 100 45 33 0 0 -1
3 1 618 372 161 97 0 0 -1
3 2 602 100 45 33 0 0 -1
4 1 617 372 160 94 0 0 -1
4 2 602 100 45 33 0 0 -1
5 1 614 374 159 93 0 0 -1
5 2 602 100 45 33 0 0 -1
6 1 616 372 153 93 0 0 -1
6 2 602 100 45 33 0 0 -1
7 1 610 373 153 93 0 0 -1
7 2 603 101 45 33 0 0 -1
8 1 612 373 153 93 0 0 -1
8 2 605 103 45 33 0 0 -1
9 1 606 373 153 93 0 0 -1
9 2 605 103 45 33 0 0 -1
10 1 604 374 153 88 0 0 -1
10 2 605 103 45 33 0 0 -1
11 1 603 372 150 88 0 0 -1
11 2 605 103 45 33 0 0 -1
12 1 599 372 149 88 0 0 -1
12 2 605 103 45 33 0 0 -1
13 1 597 372 145 84 0 0 -1
13 2 605 103 45 33 0 0 -1
14 1 597 374 148 83 0 0 -1
14 2 605 103 45 33 0 0 -1
15 1 593 374 148 83 0 0 -1
15 2 605 103 45 33 0 0 -1
16 1 592 372 144 83 0 0 -1
16 2 605 103 45 33 0 0 -1
17 1 590 368 144 83 0 0 -1
17 2 605 103 45 33 0 0 -1
18 1 590 369 140 81 0 0 -1
18 2 605 103 45 33 0 0 -1
19 1 590 368 140 81 0 0 -1
19 2 605 103 45 33 0 0 -1
20 1 587 367 140 81 0 0 -1
20 2 605 103 45 33 0 0 -1
21 1 587 366 140 80 0 0 -1
21 2 605 105 45 31 0 0 -1
22 1 587 366 140 80 0 0 -1
22 2 604 105 45 31 0 0 -1
23 1 590 362 138 81 0 0 -1
23 2 604 106 45 31 0 0 -1
24 1 594 362 134 77 0 0 -1
24 2 605 104 45 31 0 0 -1
25 1 598 362 133 77 0 0 -1
25 2 605 105 45 31 0 0 -1
26 1 598 362 133 77 0 0 -1
26 2 605 104 45 31 0 0 -1
27 1 601 362 133 77 0 0 -1
27 2 605 104 45 31 0 0 -1
28 1 604 362 133 77 0 0 -1
28 2 605 103 45 31 0 0 -1
29 1 608 359 133 77 0 0 -1
29 2 605 102 45 31 0 0 -1
30 1 614 359 130 77 0 0 -1
30 2 605 102 45 31 0 0 -1
31 1 618 359 130 77 0 0 -1
31 2 605 102 45 31 0 0 -1
32 1 618 359 130 77 0 0 -1
32 2 605 102 45 31 0 0 -1
33 1 624 359 127 73 0 0 -1
33 2 605 102 45 31 0 0 -1
34 1 628 359 127 73 0 0 -1
34 2 605 102 45 31 0 0 -1
35 1 628 359 127 73 0 0 -1
35 2 605 102 45 31 0 0 -1
36 1 631 362 127 70 0 0 -1
36 2 605 100 45 31 0 0 -1
37 1 631 366 127 70 0 0 -1
37 2 605 100 45 31 0 0 -1
38 1 633 366 122 70 0 0 -1
38 2 605 100 45 31 0 0 -1
39 1 633 370 122 66 0 0 -1
39 2 605 100 45 31 0 0 -1
40 1 633 373 122 68 0 0 -1
40 2 605 96 45 32 0 0 -1
41 1 633 373 122 66 0 0 -1
41 2 605 96 45 32 0 0 -1
42 1 633 376 120 66 0 0 -1
42 2 605 96 45 32 0 0 -1
43 1 633 380 120 66 0 0 -1
43 2 605 96 45 32 0 0 -1
44 1 633 380 120 66 0 0 -1
44 2 605 94 45 32 0 0 -1
45 1 633 383 120 66 0 0 -1
45 2 605 94 45 32 0 0 -1
46 1 630 383 120 66 0 0 -1
46 2 605 94 45 32 0 0 -1
47 1 626 386 120 66 0 0 -1
47 2 605 91 45 33 0 0 -1
48 1 626 390 120 66 0 0 -1
48 2 605 91 45 33 0 0 -1
49 1 626 390 120 66 0 0 -1
49 2 605 91 45 33 0 0 -1
50 1 626 390 120 66 0 0 -1
50 2 605 91 45 33 0 0 -1
51 1 626 390 120 66 0 0 -1
51 2 605 87 45 33 0 0 -1
52 1 626 390 120 66 0 0 -1
52 2 605 86 45 34 0 0 -1
53 1 626 386 120 66 0 0 -1
53 2 605 86 45 34 0 0 -1
54 1 626 386 120 66 0 0 -1
54 2 605 86 45 34 0 0 -1
55 1 626 386 120 66 0 0 -1
55 2 605 86 45 34 0 0 -1
56 1 626 386 120 66 0 0 -1
56 2 604 84 45 34 0 0 -1
57 1 623 386 120 66 0 0 -1
57 2 604 84 45 34 0 0 -1
58 1 623 383 120 66 0 0 -1
58 2 604 84 45 34 0 0 -1
59 1 620 380 120 66 0 0 -1
59 2 604 84 45 34 0 0 -1
60 1 620 380 120 66 0 0 -1
60 2 604 84 45 34 0 0 -1
61 1 617 376 123 66 0 0 -1
61 2 604 84 45 34 0 0 -1
62 1 617 376 123 66 0 0 -1
62 2 604 84 45 34 0 0 -1
63 1 614 371 126 71 0 0 -1
63 2 604 84 45 34 0 0 -1
64 1 610 368 126 71 0 0 -1
64 2 604 84 45 34 0 0 -1
65 1 607 364 126 71 0 0 -1
65 2 604 84 45 34 0 0 -1
66 1 597 361 126 71 0 0 -1
66 2 604 84 45 34 0 0 -1
67 1 590 358 126 71 0 0 -1
67 2 604 84 45 34 0 0 -1
68 1 587 358 130 71 0 0 -1
68 2 604 84 45 34 0 0 -1
69 1 580 354 130 71 0 0 -1
69 2 604 84 45 34 0 0 -1
70 1 570 354 130 71 0 0 -1
70 2 604 84 45 34 0 0 -1
71 1 564 351 130 71 0 0 -1
71 2 604 84 47 37 0 0 -1
72 1 550 348 137 71 0 0 -1
72 2 604 84 47 37 0 0 -1
73 1 543 344 137 71 0 0 -1
73 2 604 84 47 37 0 0 -1
74 1 543 344 137 71 0 0 -1
74 2 604 84 47 37 0 0 -1
75 1 532 336 144 76 0 0 -1
75 2 604 84 47 37 0 0 -1
76 1 526 333 144 76 0 0 -1
76 2 604 84 47 37 0 0 -1
77 1 519 322 144 83 0 0 -1
77 2 604 84 47 37 0 0 -1
78 1 516 319 144 83 0 0 -1
78 2 604 84 47 37 0 0 -1
79 1 509 322 144 83 0 0 -1
79 2 604 84 47 37 0 0 -1
80 1 509 322 144 83 0 0 -1
80 2 604 84 47 37 0 0 -1
81 1 504 336 146 83 0 0 -1
81 2 604 84 47 37 0 0 -1
82 1 500 342 146 83 0 0 -1
82 2 604 84 47 37 0 0 -1
83 1 488 346 159 89 0 0 -1
83 2 604 84 47 37 0 0 -1
84 1 484 346 159 89 0 0 -1
84 2 604 84 47 37 0 0 -1
85 1 486 346 161 89 0 0 -1
85 2 604 84 47 37 0 0 -1
86 1 486 346 161 89 0 0 -1
86 2 602 81 47 39 0 0 -1
87 1 492 352 161 89 0 0 -1
87 2 602 81 47 39 0 0 -1
88 1 499 356 165 92 0 0 -1
88 2 602 81 47 39 0 0 -1
89 1 506 359 174 92 0 0 -1
89 2 602 81 47 39 0 0 -1
90 1 516 386 182 102 0 0 -1
90 2 602 78 47 39 0 0 -1
91 1 519 442 182 102 0 0 -1
91 2 602 74 47 39 0 0 -1
92 1 519 442 182 102 0 0 -1
92 2 602 71 47 39 0 0 -1
93 1 532 455 172 96 0 0 -1
93 2 602 66 47 39 0 0 -1
94 1 536 458 177 96 0 0 -1
94 2 602 63 47 39 0 0 -1
95 1 542 462 186 100 0 0 -1
95 2 602 61 47 39 0 0 -1
96 1 552 465 186 100 0 0 -1
96 2 602 56 47 39 0 0 -1
97 1 559 468 186 100 0 0 -1
97 2 602 53 47 39 0 0 -1
98 1 559 468 186 100 0 0 -1
98 2 602 51 47 39 0 0 -1
99 1 569 467 186 104 0 0 -1
99 2 602 46 47 39 0 0 -1
100 1 579 470 186 104 0 0 -1
100 2 602 44 47 39 0 0 -1
101 1 582 470 186 104 0 0 -1
101 2 602 41 47 39 0 0 -1
102 1 592 470 186 104 0 0 -1
102 2 602 36 47 39 0 0 -1
103 1 602 470 186 104 0 0 -1
103 2 602 36 47 39 0 0 -1
104 1 602 470 186 104 0 0 -1
104 2 602 33 47 39 0 0 -1
105 1 612 470 186 104 0 0 -1
105 2 602 31 47 39 0 0 -1
106 1 616 468 186 100 0 0 -1
106 2 602 26 47 39 0 0 -1
107 1 619 468 186 100 0 0 -1
107 2 600 22 49 43 0 0 -1
108 1 629 465 182 99 0 0 -1
108 2 600 18 49 43 0 0 -1
109 1 639 460 182 104 0 0 -1
109 2 600 17 49 43 0 0 -1
110 1 639 462 182 99 0 0 -1
110 2 600 15 49 43 0 0 -1
111 1 646 458 182 99 0 0 -1
111 2 600 12 49 43 0 0 -1
112 1 649 458 182 99 0 0 -1
112 2 600 12 49 43 0 0 -1
113 1 652 462 182 99 0 0 -1
113 2 600 7 49 43 0 0 -1
114 1 659 460 178 97 0 0 -1
114 2 600 7 49 43 0 0 -1
115 1 669 460 174 94 0 0 -1
115 2 600 4 49 43 0 0 -1
116 1 669 460 174 94 0 0 -1
116 2 600 3 49 43 0 0 -1
117 1 676 460 174 94 0 0 -1
117 2 600 3 49 43 0 0 -1
118 1 679 460 174 94 0 0 -1
118 2 600 2 49 43 0 0 -1
119 1 684 464 170 91 0 0 -1
119 2 600 1 49 43 0 0 -1
120 1 687 464 170 91 0 0 -1
120 2 600 1 49 40 0 0 -1
121 1 690 464 170 91 0 0 -1
121 2 600 1 49 40 0 0 -1
122 1 690 464 170 91 0 0 -1
122 2 600 1 49 40 0 0 -1
123 1 694 464 170 91 0 0 -1
123 2 599 1 50 40 0 0 -1
124 1 700 467 163 91 0 0 -1
124 2 600 1 49 40 0 0 -1
125 1 710 464 163 91 0 0 -1
125 2 600 1 49 40 0 0 -1
126 1 720 464 163 91 0 0 -1
126 2 597 1 52 39 0 0 -1
127 1 723 466 163 91 0 0 -1
127 2 597 1 52 39 0 0 -1
128 1 723 466 163 91 0 0 -1
128 2 597 1 52 39 0 0 -1
129 1 723 466 163 91 0 0 -1
129 2 597 1 52 39 0 0 -1
130 1 726 462 163 91 0 0 -1
130 2 597 1 52 39 0 0 -1
131 1 730 456 163 91 0 0 -1
131 2 597 1 52 39 0 0 -1
132 1 730 430 162 87 0 0 -1
132 2 597 1 52 39 0 0 -1
133 1 730 396 162 87 0 0 -1
133 2 597 1 52 39 0 0 -1
134 1 730 400 162 85 0 0 -1
134 2 597 1 52 39 0 0 -1
135 1 730 363 162 85 0 0 -1
135 2 597 1 52 39 0 0 -1
136 1 730 326 162 85 0 0 -1
136 2 597 1 52 39 0 0 -1
137 1 733 300 154 85 0 0 -1
137 2 595 1 52 39 0 0 -1
138 1 723 283 154 85 0 0 -1
138 2 595 1 52 39 0 0 -1
139 1 706 270 154 85 0 0 -1
139 2 595 1 52 39 0 0 -1
140 1 710 270 150 85 0 0 -1
140 2 595 1 52 39 0 0 -1
141 1 684 253 150 85 0 0 -1
141 2 595 1 52 39 0 0 -1
142 1 660 238 150 85 0 0 -1
142 2 595 1 52 39 0 0 -1
143 1 626 232 148 84 0 0 -1
143 2 595 1 52 39 0 0 -1
144 1 590 229 148 84 0 0 -1
144 2 595 1 52 39 0 0 -1
145 1 556 227 148 84 0 0 -1
145 2 595 1 52 39 0 0 -1
146 1 558 230 148 83 0 0 -1
146 2 595 1 52 39 0 0 -1
147 1 528 231 148 83 0 0 -1
147 2 595 1 52 39 0 0 -1
148 1 498 248 148 83 0 0 -1
148 2 595 1 52 39 0 0 -1
149 1 476 267 148 83 0 0 -1
149 2 592 1 54 36 0 0 -1
150 1 464 282 144 83 0 0 -1
150 2 592 1 54 36 0 0 -1
151 1 448 295 142 83 0 0 -1
151 2 592 1 54 36 0 0 -1
152 1 448 295 142 83 0 0 -1
152 2 592 1 54 36 0 0 -1
153 1 438 316 142 83 0 0 -1
153 2 592 1 54 36 0 0 -1
154 1 429 335 142 80 0 0 -1
154 2 592 1 54 36 0 0 -1
155 1 422 348 142 80 0 0 -1
155 2 592 1 54 36 0 0 -1
156 1 416 355 142 80 0 0 -1
156 2 592 1 54 36 0 0 -1
157 1 412 365 142 80 0 0 -1
157 2 592 1 54 36 0 0 -1
158 1 412 372 142 80 0 0 -1
158 2 592 1 54 36 0 0 -1
159 1 412 372 142 80 0 0 -1
159 2 592 1 54 39 0 0 -1
160 1 429 375 142 80 0 0 -1
160 2 592 1 54 39 0 0 -1
161 1 452 375 142 80 0 0 -1
161 2 592 1 54 41 0 0 -1
162 1 476 372 142 80 0 0 -1
162 2 592 1 54 43 0 0 -1
163 1 499 372 142 80 0 0 -1
163 2 592 1 54 46 0 0 -1
164 1 519 372 142 80 0 0 -1
164 2 592 1 54 47 0 0 -1
165 1 522 372 136 80 0 0 -1
165 2 592 1 54 49 0 0 -1
166 1 532 372 142 80 0 0 -1
166 2 592 1 55 53 0 0 -1
167 1 552 372 136 80 0 0 -1
167 2 593 5 55 52 0 0 -1
168 1 562 372 136 80 0 0 -1
168 2 593 8 55 52 0 0 -1
169 1 568 372 136 80 0 0 -1
169 2 593 11 55 52 0 0 -1
170 1 575 372 132 68 0 0 -1
170 2 593 13 55 52 0 0 -1
171 1 575 372 130 68 0 0 -1
171 2 595 17 55 52 0 0 -1
172 1 578 372 130 68 0 0 -1
172 2 595 22 55 52 0 0 -1
173 1 575 372 131 67 0 0 -1
173 2 595 25 55 52 0 0 -1
174 1 577 372 128 64 0 0 -1
174 2 595 27 55 52 0 0 -1
175 1 577 368 123 66 0 0 -1
175 2 598 31 55 52 0 0 -1
176 1 574 368 123 62 0 0 -1
176 2 598 34 55 52 0 0 -1
177 1 574 368 123 60 0 0 -1
177 2 598 39 55 52 0 0 -1
178 1 566 362 122 64 0 0 -1
178 2 600 43 55 52 0 0 -1
179 1 561 360 122 58 0 0 -1
179 2 601 47 55 52 0 0 -1
180 1 558 360 122 58 0 0 -1
180 2 602 51 55 52 0 0 -1
181 1 551 357 122 58 0 0 -1
181 2 604 54 55 52 0 0 -1
182 1 548 354 118 58 0 0 -1
182 2 606 59 55 52 0 0 -1
183 1 548 354 118 58 0 0 -1
183 2 608 64 55 52 0 0 -1
184 1 538 354 118 58 0 0 -1
184 2 610 71 53 47 0 0 -1
185 1 531 350 118 58 0 0 -1
185 2 610 73 53 47 0 0 -1
186 1 524 347 118 58 0 0 -1
186 2 611 77 53 47 0 0 -1
187 1 518 344 118 58 0 0 -1
187 2 611 79 53 47 0 0 -1
188 1 511 337 118 58 0 0 -1
188 2 613 85 53 47 0 0 -1
189 1 511 340 118 58 0 0 -1
189 2 612 88 53 47 0 0 -1
190 1 508 340 118 58 0 0 -1
190 2 615 92 53 47 0 0 -1
191 1 508 340 118 58 0 0 -1
191 2 618 96 53 47 0 0 -1
192 1 504 344 118 58 0 0 -1
192 2 617 98 53 47 0 0 -1
193 1 501 360 118 58 0 0 -1
193 2 617 103 53 47 0 0 -1
194 1 508 367 118 58 0 0 -1
194 2 619 105 53 47 0 0 -1
195 1 508 367 118 58 0 0 -1
195 2 619 109 53 47 0 0 -1
196 1 518 377 118 58 0 0 -1
196 2 623 115 53 44 0 0 -1
197 1 528 387 118 58 0 0 -1
197 2 621 118 53 44 0 0 -1
198 1 538 394 118 58 0 0 -1
198 2 623 120 53 44 0 0 -1
199 1 554 400 118 58 0 0 -1
199 2 624 125 53 44 0 0 -1
200 1 561 404 118 58 0 0 -1
200 2 625 127 53 44 0 0 -1
201 1 564 404 115 58 0 0 -1
201 2 626 131 53 44 0 0 -1
202 1 568 404 115 58 0 0 -1
202 2 627 136 53 41 0 0 -1
203 1 578 404 115 58 0 0 -1
203 2 627 139 53 41 0 0 -1
204 1 584 404 115 58 0 0 -1
204 2 630 141 53 41 0 0 -1
205 1 591 404 115 58 0 0 -1
205 2 629 146 53 41 0 0 -1
206 1 598 404 115 58 0 0 -1
206 2 631 148 53 41 0 0 -1
207 1 598 404 115 58 0 0 -1
207 2 632 152 53 41 0 0 -1
208 1 598 397 115 58 0 0 -1
208 2 632 155 53 41 0 0 -1
209 1 601 400 115 58 0 0 -1
209 2 635 157 53 41 0 0 -1
210 1 604 400 115 58 0 0 -1
210 2 637 162 51 39 0 0 -1
211 1 601 394 115 58 0 0 -1
211 2 637 162 51 39 0 0 -1
212 1 601 391 115 61 0 0 -1
212 2 637 167 51 39 0 0 -1
213 1 601 391 115 61 0 0 -1
213 2 639 169 51 39 0 0 -1
214 1 601 388 115 61 0 0 -1
214 2 642 172 51 39 0 0 -1
215 1 601 388 115 61 0 0 -1
215 2 643 174 51 39 0 0 -1
216 1 594 381 115 61 0 0 -1
216 2 643 176 51 39 0 0 -1
217 1 594 374 115 61 0 0 -1
217 2 643 179 51 39 0 0 -1
218 1 591 374 115 61 0 0 -1
218 2 647 180 51 39 0 0 -1
219 1 591 374 115 61 0 0 -1
219 2 648 182 51 39 0 0 -1
220 1 588 374 115 61 0 0 -1
220 2 650 185 51 39 0 0 -1
221 1 588 374 115 61 0 0 -1
221 2 651 186 51 39 0 0 -1
222 1 584 378 115 61 0 0 -1
222 2 652 191 51 37 0 0 -1
223 1 578 381 115 61 0 0 -1
223 2 652 191 51 37 0 0 -1
224 1 574 381 115 61 0 0 -1
224 2 653 196 51 37 0 0 -1
225 1 574 381 115 61 0 0 -1
225 2 655 197 51 37 0 0 -1
226 1 574 384 115 61 0 0 -1
226 2 655 199 51 37 0 0 -1
227 1 571 384 115 61 0 0 -1
227 2 660 200 51 37 0 0 -1
228 1 568 384 115 61 0 0 -1
228 2 661 201 51 37 0 0 -1
229 1 561 384 115 61 0 0 -1
229 2 662 204 51 37 0 0 -1
230 1 561 384 115 61 0 0 -1
230 2 664 205 51 37 0 0 -1
231 1 561 384 115 61 0 0 -1
231 2 664 207 51 37 0 0 -1
232 1 554 388 115 61 0 0 -1
232 2 664 207 51 37 0 0 -1
233 1 548 388 115 61 0 0 -1
233 2 669 212 51 37 0 0 -1
234 1 544 388 115 61 0 0 -1
234 2 669 212 51 37 0 0 -1
235 1 538 388 115 61 0 0 -1
235 2 672 213 51 37 0 0 -1
236 1 534 384 115 61 0 0 -1
236 2 672 213 51 37 0 0 -1
237 1 531 384 115 61 0 0 -1
237 2 674 217 51 37 0 0 -1
238 1 528 384 115 61 0 0 -1
238 2 676 216 51 37 0 0 -1
239 1 531 384 115 61 0 0 -1
239 2 678 218 51 37 0 0 -1
240 1 534 384 115 61 0 0 -1
240 2 682 220 51 37 0 0 -1
241 1 527 384 119 61 0 0 -1
241 2 684 221 51 37 0 0 -1
242 1 524 381 119 61 0 0 -1
242 2 685 220 51 37 0 0 -1
243 1 524 381 119 61 0 0 -1
243 2 689 223 51 37 0 0 -1
244 1 527 378 119 61 0 0 -1
244 2 690 225 51 37 0 0 -1
245 1 527 371 119 61 0 0 -1
245 2 692 225 51 37 0 0 -1
246 1 527 368 119 61 0 0 -1
246 2 695 226 51 37 0 0 -1
247 1 527 364 119 61 0 0 -1
247 2 697 227 51 37 0 0 -1
248 1 527 364 119 61 0 0 -1
248 2 697 229 51 37 0 0 -1
249 1 527 361 119 61 0 0 -1
249 2 703 229 51 37 0 0 -1
250 1 527 361 119 61 0 0 -1
250 2 703 230 51 37 0 0 -1
251 1 527 358 119 61 0 0 -1
251 2 706 230 51 37 0 0 -1
252 1 527 358 119 61 0 0 -1
252 2 710 232 51 37 0 0 -1
253 1 527 358 119 61 0 0 -1
253 2 713 234 51 37 0 0 -1
254 1 524 358 119 61 0 0 -1
254 2 715 234 51 37 0 0 -1
255 1 527 358 119 61 0 0 -1
255 2 715 234 51 37 0 0 -1
256 1 527 358 119 61 0 0 -1
256 2 719 236 51 37 0 0 -1
257 1 523 358 123 61 0 0 -1
257 2 721 235 51 37 0 0 -1
258 1 520 358 123 61 0 0 -1
258 2 727 237 51 37 0 0 -1
259 1 516 358 123 61 0 0 -1
259 2 729 237 51 37 0 0 -1
260 1 523 364 123 61 0 0 -1
260 2 732 236 51 37 0 0 -1
261 1 523 364 123 61 0 0 -1
261 2 735 239 51 37 0 0 -1
262 1 520 371 123 61 0 0 -1
262 2 735 239 51 37 0 0 -1
263 1 516 371 123 61 0 0 -1
263 2 740 239 51 37 0 0 -1
264 1 523 371 123 61 0 0 -1
264 2 742 241 51 37 0 0 -1
265 1 540 381 123 61 0 0 -1
265 2 746 242 51 37 0 0 -1
266 1 540 384 123 61 0 0 -1
266 2 746 242 51 37 0 0 -1
267 1 540 384 123 61 0 0 -1
267 2 752 243 51 37 0 0 -1
268 1 540 388 123 57 0 0 -1
268 2 752 244 51 37 0 0 -1
269 1 550 395 123 57 0 0 -1
269 2 754 244 51 37 0 0 -1
270 1 550 395 123 57 0 0 -1
270 2 755 243 51 37 0 0 -1
271 1 550 395 123 57 0 0 -1
271 2 758 244 51 37 0 0 -1
272 1 546 388 123 57 0 0 -1
272 2 760 245 51 37 0 0 -1
273 1 546 388 123 57 0 0 -1
273 2 763 246 51 37 0 0 -1
274 1 546 388 123 57 0 0 -1
274 2 763 246 51 37 0 0 -1
275 1 546 388 123 57 0 0 -1
275 2 766 247 51 37 0 0 -1
276 1 540 385 123 57 0 0 -1
276 2 768 246 55 37 0 0 -1
277 1 530 382 123 57 0 0 -1
277 2 768 246 55 37 0 0 -1
278 1 526 382 123 57 0 0 -1
278 2 770 247 55 37 0 0 -1
279 1 526 382 123 57 0 0 -1
279 2 769 247 55 37 0 0 -1
280 1 520 375 123 57 0 0 -1
280 2 771 247 55 37 0 0 -1
281 1 513 372 123 57 0 0 -1
281 2 773 248 55 37 0 0 -1
282 1 503 368 123 57 0 0 -1
282 2 773 248 55 37 0 0 -1
283 1 496 362 123 57 0 0 -1
283 2 775 248 55 37 0 0 -1
284 1 493 358 123 57 0 0 -1
284 2 775 248 55 37 0 0 -1
285 1 490 358 123 57 0 0 -1
285 2 778 248 55 37 0 0 -1
286 1 486 355 123 54 0 0 -1
286 2 778 248 55 37 0 0 -1
287 1 483 352 123 54 0 0 -1
287 2 780 246 55 37 0 0 -1
288 1 476 348 123 54 0 0 -1
288 2 782 246 55 37 0 0 -1
289 1 473 348 119 54 0 0 -1
289 2 783 246 55 37 0 0 -1
290 1 470 352 119 54 0 0 -1
290 2 781 247 55 37 0 0 -1
291 1 470 352 119 54 0 0 -1
291 2 781 246 55 37 0 0 -1
292 1 473 352 119 54 0 0 -1
292 2 783 245 55 37 0 0 -1
293 1 480 355 119 54 0 0 -1
293 2 783 245 55 37 0 0 -1
294 1 490 355 119 54 0 0 -1
294 2 783 243 55 37 0 0 -1
295 1 503 358 119 50 0 0 -1
295 2 780 243 55 37 0 0 -1
296 1 513 362 119 50 0 0 -1
296 2 780 240 55 37 0 0 -1
297 1 513 362 119 50 0 0 -1
297 2 778 238 55 37 0 0 -1
298 1 533 365 119 50 0 0 -1
298 2 776 239 55 37 0 0 -1
299 1 553 368 119 50 0 0 -1
299 2 774 238 55 37 0 0 -1
300 1 566 368 119 50 0 0 -1
300 2 772 236 55 37 0 0 -1
301 1 593 378 119 50 0 0 -1
301 2 770 234 55 37 0 0 -1
302 1 610 378 119 50 0 0 -1
302 2 771 234 55 37 0 0 -1
303 1 610 378 119 50 0 0 -1
303 2 773 231 55 37 0 0 -1
304 1 623 378 119 50 0 0 -1
304 2 771 229 55 37 0 0 -1
305 1 633 378 119 50 0 0 -1
305 2 770 227 55 37 0 0 -1
306 1 643 382 119 50 0 0 -1
306 2 770 225 55 37 0 0 -1
307 1 656 382 119 50 0 0 -1
307 2 769 224 55 37 0 0 -1
308 1 666 382 116 50 0 0 -1
308 2 768 222 55 37 0 0 -1
309 1 666 382 116 50 0 0 -1
309 2 766 221 55 37 0 0 -1
310 1 673 382 116 50 0 0 -1
310 2 766 219 55 37 0 0 -1
311 1 673 382 116 50 0 0 -1
311 2 766 216 55 37 0 0 -1
312 1 673 382 116 50 0 0 -1
312 2 766 214 55 37 0 0 -1
313 1 673 382 116 50 0 0 -1
313 2 764 213 55 37 0 0 -1
314 1 673 382 116 50 0 0 -1
314 2 764 211 55 37 0 0 -1
315 1 673 382 116 50 0 0 -1
315 2 762 209 55 37 0 0 -1
316 1 670 382 116 50 0 0 -1
316 2 763 209 55 37 0 0 -1
317 1 663 382 116 50 0 0 -1
317 2 763 207 55 37 0 0 -1
318 1 660 382 116 50 0 0 -1
318 2 765 204 55 37 0 0 -1
319 1 656 382 116 50 0 0 -1
319 2 764 203 55 37 0 0 -1
320 1 646 382 116 50 0 0 -1
320 2 764 201 55 37 0 0 -1
321 1 643 382 116 50 0 0 -1
321 2 767 199 55 37 0 0 -1
322 1 646 382 110 50 0 0 -1
322 2 768 199 55 37 0 0 -1
323 1 640 388 110 50 0 0 -1
323 2 768 196 55 37 0 0 -1
324 1 633 395 110 50 0 0 -1
324 2 768 196 55 37 0 0 -1
325 1 626 402 110 50 0 0 -1
325 2 763 193 55 37 0 0 -1
326 1 620 412 110 50 0 0 -1
326 2 765 193 55 37 0 0 -1
327 1 613 415 110 50 0 0 -1
327 2 766 192 55 37 0 0 -1
328 1 613 415 110 50 0 0 -1
328 2 767 191 55 37 0 0 -1
329 1 606 415 110 50 0 0 -1
329 2 763 191 55 37 0 0 -1
330 1 600 415 110 50 0 0 -1
330 2 763 189 55 37 0 0 -1
331 1 593 415 110 50 0 0 -1
331 2 768 187 55 37 0 0 -1
332 1 590 415 110 50 0 0 -1
332 2 768 186 55 37 0 0 -1
333 1 586 415 110 50 0 0 -1
333 2 768 186 55 37 0 0 -1
334 1 586 415 110 50 0 0 -1
334 2 767 186 55 37 0 0 -1
335 1 580 415 110 50 0 0 -1
335 2 768 186 55 37 0 0 -1
336 1 576 415 110 50 0 0 -1
336 2 769 185 55 37 0 0 -1
337 1 573 415 110 50 0 0 -1
337 2 775 186 55 37 0 0 -1
338 1 570 415 110 50 0 0 -1
338 2 774 185 55 37 0 0 -1
339 1 566 412 110 50 0 0 -1
339 2 771 186 55 37 0 0 -1
340 1 566 412 110 50 0 0 -1
340 2 768 186 55 37 0 0 -1
341 1 563 408 110 50 0 0 -1
341 2 772 186 55 37 0 0 -1
342 1 560 408 110 46 0 0 -1
342 2 776 186 55 37 0 0 -1
343 1 556 408 110 46 0 0 -1
343 2 777 188 55 37 0 0 -1
344 1 557 402 106 46 0 0 -1
344 2 774 188 55 37 0 0 -1
345 1 557 402 106 46 0 0 -1
345 2 773 189 55 37 0 0 -1
346 1 557 402 106 46 0 0 -1
346 2 778 188 55 37 0 0 -1
347 1 557 402 106 46 0 0 -1
347 2 784 189 55 37 0 0 -1
348 1 554 402 106 46 0 0 -1
348 2 785 190 55 37 0 0 -1
349 1 554 402 106 46 0 0 -1
349 2 785 190 55 37 0 0 -1
350 1 550 402 106 46 0 0 -1
350 2 785 190 55 39 0 0 -1
351 1 550 402 106 46 0 0 -1
351 2 787 193 55 39 0 0 -1
352 1 550 402 106 46 0 0 -1
352 2 791 192 55 39 0 0 -1
353 1 550 402 106 46 0 0 -1
353 2 795 192 55 39 0 0 -1
354 1 550 402 106 44 0 0 -1
354 2 794 194 55 39 0 0 -1
355 1 547 402 106 44 0 0 -1
355 2 793 194 55 39 0 0 -1
356 1 550 402 106 44 0 0 -1
356 2 794 195 55 39 0 0 -1
357 1 550 402 106 44 0 0 -1
357 2 795 195 55 39 0 0 -1
358 1 550 402 106 44 0 0 -1
358 2 799 196 55 39 0 0 -1
359 1 554 402 102 44 0 0 -1
359 2 798 196 55 39 0 0 -1
360 1 554 402 102 44 0 0 -1
360 2 797 197 55 39 0 0 -1
361 1 554 398 102 44 0 0 -1
361 2 797 196 55 39 0 0 -1
362 1 554 398 102 44 0 0 -1
362 2 795 196 55 39 0 0 -1
363 1 554 398 108 44 0 0 -1
363 2 795 196 55 39 0 0 -1
364 1 554 398 108 44 0 0 -1
364 2 795 196 55 39 0 0 -1
365 1 557 398 108 44 0 0 -1
365 2 791 196 55 39 0 0 -1
366 1 564 398 104 44 0 0 -1
366 2 788 196 55 39 0 0 -1
367 1 565 398 102 44 0 0 -1
367 2 785 198 55 39 0 0 -1
368 1 568 398 102 44 0 0 -1
368 2 780 197 55 39 0 0 -1
369 1 568 398 102 44 0 0 -1
369 2 776 197 55 39 0 0 -1
370 1 568 398 102 44 0 0 -1
370 2 772 196 55 39 0 0 -1
371 1 565 398 102 44 0 0 -1
371 2 765 196 55 39 0 0 -1
372 1 568 402 102 44 0 0 -1
372 2 761 196 55 39 0 0 -1
373 1 568 402 102 44 0 0 -1
373 2 758 196 55 39 0 0 -1
374 1 568 402 102 44 0 0 -1
374 2 751 196 55 39 0 0 -1
375 1 568 405 102 44 0 0 -1
375 2 746 196 55 39 0 0 -1
376 1 567 405 100 44 0 0 -1
376 2 742 196 55 39 0 0 -1
377 1 567 408 100 44 0 0 -1
377 2 737 196 55 39 0 0 -1
378 1 567 408 100 44 0 0 -1
378 2 734 194 55 39 0 0 -1
379 1 567 412 100 42 0 0 -1
379 2 730 196 55 39 0 0 -1
380 1 567 412 100 42 0 0 -1
380 2 726 196 55 39 0 0 -1
381 1 564 415 100 42 0 0 -1
381 2 725 196 55 39 0 0 -1
382 1 564 415 100 42 0 0 -1
382 2 725 196 55 39 0 0 -1
383 1 564 418 100 42 0 0 -1
383 2 725 196 55 39 0 0 -1
384 1 564 420 100 40 0 0 -1
384 2 725 196 55 39 0 0 -1
385 1 567 422 100 40 0 0 -1
385 2 725 196 55 39 0 0 -1
386 1 567 424 100 38 0 0 -1
386 2 729 198 55 39 0 0 -1
387 1 567 428 100 38 0 0 -1
387 2 729 199 55 39 0 0 -1
388 1 567 428 100 38 0 0 -1
388 2 731 198 55 39 0 0 -1
389 1 570 431 100 41 0 0 -1
389 2 735 200 55 39 0 0 -1
390 1 577 431 100 41 0 0 -1
390 2 735 200 55 39 0 0 -1
391 1 584 434 100 41 0 0 -1
391 2 748 204 44 37 0 0 -1
392 1 590 434 100 41 0 0 -1
392 2 749 206 44 37 0 0 -1
393 1 594 438 100 41 0 0 -1
393 2 754 208 44 37 0 0 -1
394 1 594 438 100 41 0 0 -1
394 2 758 209 44 37 0 0 -1
395 1 597 444 100 41 0 0 -1
395 2 763 209 44 37 0 0 -1
396 1 597 444 100 41 0 0 -1
396 2 765 212 44 37 0 0 -1
397 1 600 448 100 41 0 0 -1
397 2 771 213 44 37 0 0 -1
398 1 604 451 98 41 0 0 -1
398 2 775 216 44 37 0 0 -1
399 1 604 454 98 41 0 0 -1
399 2 778 218 44 37 0 0 -1
400 1 607 454 95 41 0 0 -1
400 2 783 220 44 37 0 0 -1
401 1 607 457 95 41 0 0 -1
401 2 788 222 44 37 0 0 -1
402 1 607 460 95 41 0 0 -1
402 2 793 223 44 37 0 0 -1
403 1 607 460 95 41 0 0 -1
403 2 795 225 44 37 0 0 -1
404 1 604 460 95 41 0 0 -1
404 2 800 227 44 37 0 0 -1
405 1 604 460 95 41 0 0 -1
405 2 805 229 44 37 0 0 -1
406 1 604 460 95 41 0 0 -1
406 2 805 232 44 37 0 0 -1
407 1 604 460 95 41 0 0 -1
407 2 810 234 44 37 0 0 -1
408 1 600 460 95 41 0 0 -1
408 2 813 236 44 37 0 0 -1
409 1 600 460 95 41 0 0 -1
409 2 819 239 44 34 0 0 -1
410 1 600 464 92 41 0 0 -1
410 2 819 239 44 34 0 0 -1
411 1 597 464 92 41 0 0 -1
411 2 824 243 44 34 0 0 -1
412 1 597 464 92 41 0 0 -1
412 2 825 244 44 34 0 0 -1
413 1 597 464 92 41 0 0 -1
413 2 831 246 44 34 0 0 -1
414 1 597 467 92 41 0 0 -1
414 2 838 249 40 31 0 0 -1
415 1 594 470 92 41 0 0 -1
415 2 838 250 40 31 0 0 -1
416 1 594 470 92 41 0 0 -1
416 2 838 253 40 31 0 0 -1
417 1 594 474 92 37 0 0 -1
417 2 841 253 40 31 0 0 -1
418 1 594 474 92 37 0 0 -1
418 2 847 256 40 31 0 0 -1
419 1 594 474 92 37 0 0 -1
419 2 848 257 40 31 0 0 -1
420 1 594 474 92 37 0 0 -1
420 2 850 258 40 31 0 0 -1
421 1 596 474 92 37 0 0 -1
421 2 851 259 40 31 0 0 -1
422 1 597 474 92 37 0 0 -1
422 2 853 259 40 31 0 0 -1
423 1 597 474 92 37 0 0 -1
423 2 856 261 40 31 0 0 -1
424 1 597 474 92 37 0 0 -1
424 2 859 262 40 31 0 0 -1
425 1 597 474 92 37 0 0 -1
425 2 859 262 40 31 0 0 -1
426 1 600 471 92 37 0 0 -1
426 2 859 262 40 31 0 0 -1
427 1 604 464 92 37 0 0 -1
427 2 859 262 40 31 0 0 -1
428 1 607 454 92 37 0 0 -1
428 2 862 264 40 31 0 0 -1
429 1 610 441 92 37 0 0 -1
429 2 860 265 40 31 0 0 -1
430 1 610 441 92 37 0 0 -1
430 2 861 267 40 31 0 0 -1
431 1 614 431 92 37 0 0 -1
431 2 861 267 40 31 0 0 -1
432 1 620 424 92 37 0 0 -1
432 2 859 267 40 31 0 0 -1
433 1 624 414 92 37 0 0 -1
433 2 860 268 40 31 0 0 -1
434 1 627 404 92 37 0 0 -1
434 2 859 270 40 31 0 0 -1
435 1 634 398 92 37 0 0 -1
435 2 859 270 40 31 0 0 -1
436 1 634 398 92 37 0 0 -1
436 2 859 272 40 31 0 0 -1
437 1 637 394 92 37 0 0 -1
437 2 859 272 40 31 0 0 -1
438 1 640 394 92 37 0 0 -1
438 2 859 275 36 26 0 0 -1
439 1 640 391 92 37 0 0 -1
439 2 859 275 36 26 0 0 -1
440 1 643 391 88 37 0 0 -1
440 2 856 276 36 26 0 0 -1
441 1 643 388 88 37 0 0 -1
441 2 853 277 36 26 0 0 -1
442 1 643 388 88 37 0 0 -1
442 2 851 278 36 26 0 0 -1
443 1 643 388 88 37 0 0 -1
443 2 849 280 36 26 0 0 -1
444 1 643 391 88 37 0 0 -1
444 2 849 280 36 26 0 0 -1
445 1 636 394 88 37 0 0 -1
445 2 847 280 36 26 0 0 -1
446 1 630 394 88 37 0 0 -1
446 2 847 281 36 26 0 0 -1
447 1 623 398 88 37 0 0 -1
447 2 843 282 37 27 0 0 -1
448 1 623 398 88 37 0 0 -1
448 2 843 282 37 27 0 0 -1
449 1 616 398 88 37 0 0 -1
449 2 843 282 33 27 0 0 -1
450 1 606 401 88 37 0 0 -1
450 2 838 285 33 24 0 0 -1
