1 1 929 559 243 142 0 0 -1
1 2 402 193 58 40 0 0 -1
2 1 932 556 243 147 0 0 -1
2 2 388 190 60 40 0 0 -1
3 1 927 558 242 146 0 0 -1
3 2 375 189 61 39 0 0 -1
4 1 926 559 241 141 0 0 -1
4 2 368 186 58 38 0 0 -1
5 1 921 561 239 140 0 0 -1
5 2 352 183 63 37 0 0 -1
6 1 924 558 230 140 0 0 -1
6 2 338 176 65 37 0 0 -1
7 1 916 560 230 140 0 0 -1
7 2 329 168 60 44 0 0 -1
8 1 918 560 230 140 0 0 -1
8 2 318 160 63 46 0 0 -1
9 1 910 560 230 140 0 0 -1
9 2 308 153 65 50 0 0 -1
10 1 906 562 230 133 0 0 -1
10 2 296 148 67 47 0 0 -1
11 1 905 558 225 133 0 0 -1
11 2 287 143 67 50 0 0 -1
12 1 899 558 224 133 0 0 -1
12 2 278 136 67 51 0 0 -1
13 1 896 558 218 127 0 0 -1
13 2 266 132 71 47 0 0 -1
14 1 896 561 222 125 0 0 -1
14 2 258 130 72 48 0 0 -1
15 1 890 561 222 125 0 0 -1
15 2 252 126 65 47 0 0 -1
16 1 888 559 216 125 0 0 -1
16 2 244 123 68 49 0 0 -1
17 1 886 552 216 125 0 0 -1
17 2 234 122 71 44 0 0 -1
18 1 886 554 211 122 0 0 -1
18 2 228 123 67 45 0 0 -1
19 1 886 552 211 122 0 0 -1
19 2 219 115 71 53 0 0 -1
20 1 881 551 211 122 0 0 -1
20 2 214 118 69 47 0 0 -1
21 1 881 549 211 120 0 0 -1
21 2 207 115 68 49 0 0 -1
22 1 881 549 211 120 0 0 -1
22 2 201 114 68 48 0 0 -1
23 1 885 544 207 122 0 0 -1
23 2 198 114 65 48 0 0 -1
24 1 891 544 201 116 0 0 -1
24 2 191 116 67 48 0 0 -1
25 1 897 544 200 116 0 0 -1
25 2 185 117 68 48 0 0 -1
26 1 897 544 200 116 0 0 -1
26 2 180 114 65 51 0 0 -1
27 1 902 544 200 116 0 0 -1
27 2 175 119 68 47 0 0 -1
28 1 907 544 200 116 0 0 -1
28 2 172 119 68 51 0 0 -1
29 1 912 539 200 116 0 0 -1
29 2 168 122 65 46 0 0 -1
30 1 922 539 196 116 0 0 -1
30 2 165 121 68 52 0 0 -1
31 1 927 539 196 116 0 0 -1
31 2 163 125 65 52 0 0 -1
32 1 927 539 196 116 0 0 -1
32 2 160 126 69 50 0 0 -1
33 1 937 539 191 110 0 0 -1
33 2 160 128 66 49 0 0 -1
34 1 942 539 191 110 0 0 -1
34 2 159 131 65 48 0 0 -1
35 1 942 539 191 110 0 0 -1
35 2 158 135 64 43 0 0 -1
36 1 947 544 191 105 0 0 -1
36 2 156 139 67 47 0 0 -1
37 1 947 549 191 105 0 0 -1
37 2 156 141 66 47 0 0 -1
38 1 950 549 183 105 0 0 -1
38 2 156 144 64 46 0 0 -1
39 1 950 555 183 99 0 0 -1
39 2 156 147 64 47 0 0 -1
40 1 950 560 183 102 0 0 -1
40 2 158 151 65 45 0 0 -1
41 1 950 560 183 99 0 0 -1
41 2 158 153 66 42 0 0 -1
42 1 950 565 181 99 0 0 -1
42 2 159 156 65 46 0 0 -1
43 1 950 570 181 99 0 0 -1
43 2 163 160 61 43 0 0 -1
44 1 950 570 181 99 0 0 -1
44 2 163 163 65 44 0 0 -1
45 1 950 575 181 99 0 0 -1
45 2 167 164 62 44 0 0 -1
46 1 945 575 181 99 0 0 -1
46 2 172 166 61 42 0 0 -1
47 1 940 580 181 99 0 0 -1
47 2 176 169 60 40 0 0 -1
48 1 940 585 181 99 0 0 -1
48 2 177 168 64 40 0 0 -1
49 1 940 585 181 99 0 0 -1
49 2 182 170 63 40 0 0 -1
50 1 940 585 181 99 0 0 -1
50 2 185 169 64 42 0 0 -1
51 1 940 585 181 99 0 0 -1
51 2 190 169 60 39 0 0 -1
52 1 940 585 181 99 0 0 -1
52 2 194 169 63 42 0 0 -1
53 1 940 580 181 99 0 0 -1
53 2 202 170 59 38 0 0 -1
54 1 940 580 181 99 0 0 -1
54 2 206 172 59 33 0 0 -1
55 1 940 580 181 99 0 0 -1
55 2 210 172 60 34 0 0 -1
56 1 940 580 181 99 0 0 -1
56 2 212 170 66 30 0 0 -1
57 1 935 580 181 99 0 0 -1
57 2 222 169 58 29 0 0 -1
58 1 935 575 181 99 0 0 -1
58 2 226 166 58 29 0 0 -1
59 1 930 570 181 99 0 0 -1
59 2 229 164 58 23 0 0 -1
60 1 930 570 181 99 0 0 -1
60 2 235 161 56 24 0 0 -1
61 1 926 565 185 99 0 0 -1
61 2 237 152 57 29 0 0 -1
62 1 926 565 185 99 0 0 -1
62 2 243 145 53 29 0 0 -1
63 1 921 557 190 107 0 0 -1
63 2 245 140 49 30 0 0 -1
64 1 916 552 190 107 0 0 -1
64 2 252 138 45 26 0 0 -1
65 1 911 547 190 107 0 0 -1
65 2 252 130 52 29 0 0 -1
66 1 896 542 190 107 0 0 -1
66 2 253 121 52 31 0 0 -1
67 1 886 537 190 107 0 0 -1
67 2 254 110 54 37 0 0 -1
68 1 881 537 195 107 0 0 -1
68 2 257 104 50 38 0 0 -1
69 1 871 532 195 107 0 0 -1
69 2 258 97 50 38 0 0 -1
70 1 856 532 195 107 0 0 -1
70 2 263 87 46 47 0 0 -1
71 1 846 527 195 107 0 0 -1
71 2 265 80 48 50 0 0 -1
72 1 825 522 206 107 0 0 -1
72 2 267 77 46 46 0 0 -1
73 1 815 517 206 107 0 0 -1
73 2 273 76 48 43 0 0 -1
74 1 815 517 206 107 0 0 -1
74 2 275 74 47 41 0 0 -1
75 1 799 505 217 114 0 0 -1
75 2 279 67 49 50 0 0 -1
76 1 789 500 217 114 0 0 -1
76 2 280 63 51 47 0 0 -1
77 1 779 484 217 125 0 0 -1
77 2 284 63 49 45 0 0 -1
78 1 774 479 217 125 0 0 -1
78 2 290 63 48 43 0 0 -1
79 1 764 484 217 125 0 0 -1
79 2 295 63 47 41 0 0 -1
80 1 764 484 217 125 0 0 -1
80 2 297 60 51 42 0 0 -1
81 1 756 504 220 125 0 0 -1
81 2 300 60 50 44 0 0 -1
82 1 751 514 220 125 0 0 -1
82 2 307 64 51 40 0 0 -1
83 1 732 519 239 134 0 0 -1
83 2 313 63 46 42 0 0 -1
84 1 727 519 239 134 0 0 -1
84 2 317 63 48 41 0 0 -1
85 1 729 519 242 134 0 0 -1
85 2 318 66 54 36 0 0 -1
86 1 729 519 242 134 0 0 -1
86 2 328 66 47 39 0 0 -1
87 1 739 529 242 134 0 0 -1
87 2 331 67 50 41 0 0 -1
88 1 749 534 248 139 0 0 -1
88 2 338 68 50 40 0 0 -1
89 1 759 539 261 139 0 0 -1
89 2 343 68 52 40 0 0 -1
90 1 774 579 273 154 0 0 -1
90 2 346 68 50 42 0 0 -1
91 1 779 664 273 154 0 0 -1
91 2 355 72 47 38 0 0 -1
92 1 779 664 273 154 0 0 -1
92 2 359 70 48 41 0 0 -1
93 1 799 683 258 145 0 0 -1
93 2 368 75 47 39 0 0 -1
94 1 804 688 266 145 0 0 -1
94 2 375 76 48 37 0 0 -1
95 1 814 693 280 150 0 0 -1
95 2 380 76 49 39 0 0 -1
96 1 829 698 280 150 0 0 -1
96 2 386 79 50 40 0 0 -1
97 1 839 703 280 150 0 0 -1
97 2 398 83 47 36 0 0 -1
98 1 839 703 280 150 0 0 -1
98 2 405 85 47 38 0 0 -1
99 1 854 701 280 157 0 0 -1
99 2 411 88 49 38 0 0 -1
100 1 869 706 280 157 0 0 -1
100 2 420 87 50 38 0 0 -1
101 1 874 706 280 157 0 0 -1
101 2 429 91 45 35 0 0 -1
102 1 889 706 280 157 0 0 -1
102 2 440 94 42 29 0 0 -1
103 1 904 706 280 157 0 0 -1
103 2 446 91 46 36 0 0 -1
104 1 904 706 280 157 0 0 -1
104 2 460 93 39 33 0 0 -1
105 1 919 706 280 157 0 0 -1
105 2 468 91 41 36 0 0 -1
106 1 924 702 280 151 0 0 -1
106 2 475 89 46 34 0 0 -1
107 1 929 702 280 151 0 0 -1
107 2 484 91 45 36 0 0 -1
108 1 944 698 273 149 0 0 -1
108 2 497 91 41 32 0 0 -1
109 1 959 691 273 156 0 0 -1
109 2 507 88 41 34 0 0 -1
110 1 959 693 273 149 0 0 -1
110 2 514 85 41 36 0 0 -1
111 1 969 688 273 149 0 0 -1
111 2 528 88 40 31 0 0 -1
112 1 974 688 273 149 0 0 -1
112 2 537 87 42 32 0 0 -1
113 1 979 693 273 149 0 0 -1
113 2 547 83 41 32 0 0 -1
114 1 989 691 267 146 0 0 -1
114 2 556 84 42 31 0 0 -1
115 1 1004 691 262 142 0 0 -1
115 2 571 84 38 30 0 0 -1
116 1 1004 691 262 142 0 0 -1
116 2 579 81 41 29 0 0 -1
117 1 1014 691 262 142 0 0 -1
117 2 590 80 37 28 0 0 -1
118 1 1019 691 262 142 0 0 -1
118 2 599 76 38 29 0 0 -1
119 1 1026 696 255 137 0 0 -1
119 2 613 72 35 32 0 0 -1
120 1 1031 696 255 137 0 0 -1
120 2 623 71 33 30 0 0 -1
121 1 1036 696 255 137 0 0 -1
121 2 630 66 36 32 0 0 -1
122 1 1036 696 255 137 0 0 -1
122 2 637 63 38 34 0 0 -1
123 1 1041 696 255 137 0 0 -1
123 2 648 63 39 30 0 0 -1
124 1 1051 701 245 137 0 0 -1
124 2 658 64 32 28 0 0 -1
125 1 1066 696 245 137 0 0 -1
125 2 660 62 40 29 0 0 -1
126 1 1081 696 245 137 0 0 -1
126 2 670 62 35 30 0 0 -1
127 1 1085 699 245 137 0 0 -1
127 2 677 60 40 32 0 0 -1
128 1 1085 699 245 137 0 0 -1
128 2 684 60 40 33 0 0 -1
129 1 1085 699 245 137 0 0 -1
129 2 691 60 42 32 0 0 -1
130 1 1090 694 245 137 0 0 -1
130 2 696 60 43 31 0 0 -1
131 1 1095 684 245 137 0 0 -1
131 2 705 62 40 30 0 0 -1
132 1 1095 645 244 131 0 0 -1
132 2 712 63 39 33 0 0 -1
133 1 1095 595 244 131 0 0 -1
133 2 718 66 42 31 0 0 -1
134 1 1095 600 244 128 0 0 -1
134 2 730 64 36 30 0 0 -1
135 1 1095 545 244 128 0 0 -1
135 2 732 68 43 29 0 0 -1
136 1 1095 490 244 128 0 0 -1
136 2 738 68 42 29 0 0 -1
137 1 1100 450 232 128 0 0 -1
137 2 743 72 43 29 0 0 -1
138 1 1085 425 232 128 0 0 -1
138 2 750 75 44 25 0 0 -1
139 1 1060 405 232 128 0 0 -1
139 2 756 76 44 29 0 0 -1
140 1 1066 405 226 128 0 0 -1
140 2 762 77 44 31 0 0 -1
141 1 1026 380 226 128 0 0 -1
141 2 768 79 46 32 0 0 -1
142 1 990 357 226 128 0 0 -1
142 2 773 81 47 30 0 0 -1
143 1 939 348 222 127 0 0 -1
143 2 776 84 44 30 0 0 -1
144 1 885 344 222 127 0 0 -1
144 2 781 88 46 29 0 0 -1
145 1 835 341 222 127 0 0 -1
145 2 788 89 42 32 0 0 -1
146 1 837 345 222 125 0 0 -1
146 2 792 92 42 30 0 0 -1
147 1 793 347 222 125 0 0 -1
147 2 797 93 39 30 0 0 -1
148 1 748 373 222 125 0 0 -1
148 2 800 97 40 28 0 0 -1
149 1 715 401 222 125 0 0 -1
149 2 803 98 41 28 0 0 -1
150 1 696 423 216 125 0 0 -1
150 2 809 98 38 29 0 0 -1
151 1 673 443 213 125 0 0 -1
151 2 810 101 41 25 0 0 -1
152 1 673 443 213 125 0 0 -1
152 2 815 101 39 26 0 0 -1
153 1 657 475 213 125 0 0 -1
153 2 819 101 38 26 0 0 -1
154 1 644 503 213 120 0 0 -1
154 2 822 101 36 27 0 0 -1
155 1 634 523 213 120 0 0 -1
155 2 824 104 38 24 0 0 -1
156 1 624 533 213 120 0 0 -1
156 2 831 104 35 23 0 0 -1
157 1 619 548 213 120 0 0 -1
157 2 834 105 34 23 0 0 -1
158 1 619 558 213 120 0 0 -1
158 2 835 105 34 23 0 0 -1
159 1 619 558 213 120 0 0 -1
159 2 836 102 39 26 0 0 -1
160 1 644 563 213 120 0 0 -1
160 2 840 104 34 24 0 0 -1
161 1 679 563 213 120 0 0 -1
161 2 840 105 39 23 0 0 -1
162 1 714 558 213 120 0 0 -1
162 2 844 104 38 22 0 0 -1
163 1 749 558 213 120 0 0 -1
163 2 851 104 35 27 0 0 -1
164 1 779 558 213 120 0 0 -1
164 2 849 102 39 30 0 0 -1
165 1 783 558 204 120 0 0 -1
165 2 854 104 34 27 0 0 -1
166 1 799 558 213 120 0 0 -1
166 2 857 104 35 28 0 0 -1
167 1 828 558 204 120 0 0 -1
167 2 862 106 33 29 0 0 -1
168 1 843 558 204 120 0 0 -1
168 2 864 108 36 27 0 0 -1
169 1 853 558 204 120 0 0 -1
169 2 866 108 34 28 0 0 -1
170 1 863 558 199 103 0 0 -1
170 2 871 109 36 29 0 0 -1
171 1 863 558 196 103 0 0 -1
171 2 875 110 36 28 0 0 -1
172 1 868 558 196 103 0 0 -1
172 2 878 111 34 32 0 0 -1
173 1 863 558 197 101 0 0 -1
173 2 882 117 34 25 0 0 -1
174 1 866 558 192 97 0 0 -1
174 2 887 118 32 25 0 0 -1
175 1 866 553 185 100 0 0 -1
175 2 890 118 35 25 0 0 -1
176 1 861 553 185 94 0 0 -1
176 2 892 118 38 26 0 0 -1
177 1 861 553 185 91 0 0 -1
177 2 896 121 38 27 0 0 -1
178 1 850 543 183 97 0 0 -1
178 2 903 122 35 27 0 0 -1
179 1 842 541 183 88 0 0 -1
179 2 905 123 38 32 0 0 -1
180 1 837 541 183 88 0 0 -1
180 2 913 127 32 26 0 0 -1
181 1 827 536 183 88 0 0 -1
181 2 917 127 36 28 0 0 -1
182 1 822 531 178 88 0 0 -1
182 2 922 128 33 28 0 0 -1
183 1 822 531 178 88 0 0 -1
183 2 925 132 38 29 0 0 -1
184 1 807 531 178 88 0 0 -1
184 2 930 131 41 26 0 0 -1
185 1 797 526 178 88 0 0 -1
185 2 939 136 34 28 0 0 -1
186 1 787 521 178 88 0 0 -1
186 2 943 139 37 23 0 0 -1
187 1 777 516 178 88 0 0 -1
187 2 949 139 37 26 0 0 -1
188 1 767 506 178 88 0 0 -1
188 2 958 142 31 23 0 0 -1
189 1 767 511 178 88 0 0 -1
189 2 962 144 31 22 0 0 -1
190 1 762 511 178 88 0 0 -1
190 2 963 145 34 23 0 0 -1
191 1 762 511 178 88 0 0 -1
191 2 969 147 32 22 0 0 -1
192 1 757 516 178 88 0 0 -1
192 2 977 147 29 23 0 0 -1
193 1 752 541 178 88 0 0 -1
193 2 980 147 34 27 0 0 -1
194 1 762 551 178 88 0 0 -1
194 2 983 149 36 27 0 0 -1
195 1 762 551 178 88 0 0 -1
195 2 989 151 33 25 0 0 -1
196 1 777 566 178 88 0 0 -1
196 2 993 149 34 28 0 0 -1
197 1 792 581 178 88 0 0 -1
197 2 996 152 35 29 0 0 -1
198 1 807 591 178 88 0 0 -1
198 2 998 152 36 29 0 0 -1
199 1 832 601 178 88 0 0 -1
199 2 1003 155 33 26 0 0 -1
200 1 842 606 178 88 0 0 -1
200 2 1009 156 32 26 0 0 -1
201 1 847 606 173 88 0 0 -1
201 2 1011 157 30 25 0 0 -1
202 1 852 606 173 88 0 0 -1
202 2 1014 157 35 28 0 0 -1
203 1 867 606 173 88 0 0 -1
203 2 1014 157 37 30 0 0 -1
204 1 877 606 173 88 0 0 -1
204 2 1019 160 34 25 0 0 -1
205 1 887 606 173 88 0 0 -1
205 2 1019 161 37 28 0 0 -1
206 1 897 606 173 88 0 0 -1
206 2 1023 162 34 27 0 0 -1
207 1 897 606 173 88 0 0 -1
207 2 1028 161 33 26 0 0 -1
208 1 897 596 173 88 0 0 -1
208 2 1032 162 30 24 0 0 -1
209 1 902 601 173 88 0 0 -1
209 2 1034 162 30 27 0 0 -1
210 1 907 601 173 88 0 0 -1
210 2 1030 162 39 28 0 0 -1
211 1 902 591 173 88 0 0 -1
211 2 1034 162 31 31 0 0 -1
212 1 902 587 173 92 0 0 -1
212 2 1036 162 33 29 0 0 -1
213 1 902 587 173 92 0 0 -1
213 2 1034 164 37 27 0 0 -1
214 1 902 582 173 92 0 0 -1
214 2 1036 164 34 29 0 0 -1
215 1 902 582 173 92 0 0 -1
215 2 1037 166 32 27 0 0 -1
216 1 892 572 173 92 0 0 -1
216 2 1036 168 32 23 0 0 -1
217 1 892 562 173 92 0 0 -1
217 2 1040 165 31 30 0 0 -1
218 1 887 562 173 92 0 0 -1
218 2 1037 166 31 29 0 0 -1
219 1 887 562 173 92 0 0 -1
219 2 1039 166 30 28 0 0 -1
220 1 882 562 173 92 0 0 -1
220 2 1040 165 30 28 0 0 -1
221 1 882 562 173 92 0 0 -1
221 2 1039 165 29 25 0 0 -1
222 1 877 567 173 92 0 0 -1
222 2 1032 169 34 22 0 0 -1
223 1 867 572 173 92 0 0 -1
223 2 1032 164 36 27 0 0 -1
224 1 862 572 173 92 0 0 -1
224 2 1031 166 34 29 0 0 -1
225 1 862 572 173 92 0 0 -1
225 2 1028 166 30 27 0 0 -1
226 1 862 577 173 92 0 0 -1
226 2 1030 165 30 28 0 0 -1
227 1 857 577 173 92 0 0 -1
227 2 1028 164 30 26 0 0 -1
228 1 852 577 173 92 0 0 -1
228 2 1024 165 33 27 0 0 -1
229 1 842 577 173 92 0 0 -1
229 2 1022 161 32 29 0 0 -1
230 1 842 577 173 92 0 0 -1
230 2 1018 164 33 26 0 0 -1
231 1 842 577 173 92 0 0 -1
231 2 1015 161 36 29 0 0 -1
232 1 832 582 173 92 0 0 -1
232 2 1009 161 36 29 0 0 -1
233 1 822 582 173 92 0 0 -1
233 2 1009 160 32 30 0 0 -1
234 1 817 582 173 92 0 0 -1
234 2 1002 161 38 26 0 0 -1
235 1 807 582 173 92 0 0 -1
235 2 1002 160 33 29 0 0 -1
236 1 802 577 173 92 0 0 -1
236 2 994 161 37 25 0 0 -1
237 1 797 577 173 92 0 0 -1
237 2 996 157 34 29 0 0 -1
238 1 792 577 173 92 0 0 -1
238 2 993 157 34 26 0 0 -1
239 1 797 577 173 92 0 0 -1
239 2 988 157 34 26 0 0 -1
240 1 802 577 173 92 0 0 -1
240 2 983 156 36 27 0 0 -1
241 1 791 577 179 92 0 0 -1
241 2 980 157 31 25 0 0 -1
242 1 786 572 179 92 0 0 -1
242 2 971 153 38 30 0 0 -1
243 1 786 572 179 92 0 0 -1
243 2 968 155 34 26 0 0 -1
244 1 791 567 179 92 0 0 -1
244 2 967 152 31 29 0 0 -1
245 1 791 557 179 92 0 0 -1
245 2 959 153 35 26 0 0 -1
246 1 791 552 179 92 0 0 -1
246 2 954 153 36 24 0 0 -1
247 1 791 547 179 92 0 0 -1
247 2 950 152 34 26 0 0 -1
248 1 791 547 179 92 0 0 -1
248 2 945 152 32 25 0 0 -1
249 1 791 542 179 92 0 0 -1
249 2 941 151 34 26 0 0 -1
250 1 791 542 179 92 0 0 -1
250 2 933 151 34 25 0 0 -1
251 1 791 537 179 92 0 0 -1
251 2 929 149 34 28 0 0 -1
252 1 791 537 179 92 0 0 -1
252 2 921 148 35 28 0 0 -1
253 1 791 537 179 92 0 0 -1
253 2 917 145 38 31 0 0 -1
254 1 786 537 179 92 0 0 -1
254 2 911 147 38 26 0 0 -1
255 1 791 537 179 92 0 0 -1
255 2 911 145 31 28 0 0 -1
256 1 791 537 179 92 0 0 -1
256 2 903 145 30 29 0 0 -1
257 1 785 537 185 92 0 0 -1
257 2 897 144 33 26 0 0 -1
258 1 780 537 185 92 0 0 -1
258 2 891 143 31 29 0 0 -1
259 1 775 537 185 92 0 0 -1
259 2 886 143 33 30 0 0 -1
260 1 785 547 185 92 0 0 -1
260 2 879 142 37 26 0 0 -1
261 1 785 547 185 92 0 0 -1
261 2 873 143 32 23 0 0 -1
262 1 780 557 185 92 0 0 -1
262 2 870 140 34 28 0 0 -1
263 1 775 557 185 92 0 0 -1
263 2 861 140 34 25 0 0 -1
264 1 785 557 185 92 0 0 -1
264 2 857 140 33 24 0 0 -1
265 1 810 572 185 92 0 0 -1
265 2 852 139 31 25 0 0 -1
266 1 810 577 185 92 0 0 -1
266 2 847 138 32 24 0 0 -1
267 1 810 577 185 92 0 0 -1
267 2 836 135 37 29 0 0 -1
268 1 810 583 185 86 0 0 -1
268 2 828 136 37 28 0 0 -1
269 1 825 593 185 86 0 0 -1
269 2 824 136 32 24 0 0 -1
270 1 825 593 185 86 0 0 -1
270 2 818 134 34 28 0 0 -1
271 1 825 593 185 86 0 0 -1
271 2 809 134 36 27 0 0 -1
272 1 820 583 185 86 0 0 -1
272 2 806 131 31 30 0 0 -1
273 1 820 583 185 86 0 0 -1
273 2 797 133 35 27 0 0 -1
274 1 820 583 185 86 0 0 -1
274 2 792 134 30 25 0 0 -1
275 1 820 583 185 86 0 0 -1
275 2 783 131 35 28 0 0 -1
276 1 810 578 185 86 0 0 -1
276 2 777 128 33 29 0 0 -1
277 1 795 573 185 86 0 0 -1
277 2 771 130 32 26 0 0 -1
278 1 790 573 185 86 0 0 -1
278 2 762 130 32 27 0 0 -1
279 1 790 573 185 86 0 0 -1
279 2 754 126 34 30 0 0 -1
280 1 780 563 185 86 0 0 -1
280 2 747 126 34 27 0 0 -1
281 1 770 558 185 86 0 0 -1
281 2 739 127 34 25 0 0 -1
282 1 755 553 185 86 0 0 -1
282 2 733 126 33 25 0 0 -1
283 1 745 543 185 86 0 0 -1
283 2 726 123 34 29 0 0 -1
284 1 740 538 185 86 0 0 -1
284 2 720 122 34 27 0 0 -1
285 1 735 538 185 86 0 0 -1
285 2 709 123 34 28 0 0 -1
286 1 730 533 185 81 0 0 -1
286 2 701 121 33 28 0 0 -1
287 1 725 528 185 81 0 0 -1
287 2 690 121 35 30 0 0 -1
288 1 715 523 185 81 0 0 -1
288 2 686 123 32 28 0 0 -1
289 1 710 523 179 81 0 0 -1
289 2 677 121 34 30 0 0 -1
290 1 705 528 179 81 0 0 -1
290 2 670 122 31 27 0 0 -1
291 1 705 528 179 81 0 0 -1
291 2 661 122 31 30 0 0 -1
292 1 710 528 179 81 0 0 -1
292 2 656 123 32 26 0 0 -1
293 1 720 533 179 81 0 0 -1
293 2 644 125 33 24 0 0 -1
294 1 735 533 179 81 0 0 -1
294 2 635 125 34 27 0 0 -1
295 1 755 538 179 75 0 0 -1
295 2 628 124 34 28 0 0 -1
296 1 770 543 179 75 0 0 -1
296 2 620 130 30 25 0 0 -1
297 1 770 543 179 75 0 0 -1
297 2 610 128 35 28 0 0 -1
298 1 800 548 179 75 0 0 -1
298 2 603 132 32 27 0 0 -1
299 1 830 553 179 75 0 0 -1
299 2 594 138 32 24 0 0 -1
300 1 850 553 179 75 0 0 -1
300 2 585 136 33 29 0 0 -1
301 1 890 568 179 75 0 0 -1
301 2 575 140 36 26 0 0 -1
302 1 915 568 179 75 0 0 -1
302 2 567 145 32 23 0 0 -1
303 1 915 568 179 75 0 0 -1
303 2 556 148 36 22 0 0 -1
304 1 935 568 179 75 0 0 -1
304 2 550 149 32 28 0 0 -1
305 1 950 568 179 75 0 0 -1
305 2 539 152 40 27 0 0 -1
306 1 965 573 179 75 0 0 -1
306 2 530 155 38 30 0 0 -1
307 1 985 573 179 75 0 0 -1
307 2 524 157 34 32 0 0 -1
308 1 1000 573 175 75 0 0 -1
308 2 517 161 31 30 0 0 -1
309 1 1000 573 175 75 0 0 -1
309 2 508 168 34 27 0 0 -1
310 1 1010 573 175 75 0 0 -1
310 2 500 170 34 29 0 0 -1
311 1 1010 573 175 75 0 0 -1
311 2 491 174 38 29 0 0 -1
312 1 1010 573 175 75 0 0 -1
312 2 483 177 35 31 0 0 -1
313 1 1010 573 175 75 0 0 -1
313 2 478 181 36 29 0 0 -1
314 1 1010 573 175 75 0 0 -1
314 2 473 186 31 26 0 0 -1
315 1 1010 573 175 75 0 0 -1
315 2 463 189 36 28 0 0 -1
316 1 1005 573 175 75 0 0 -1
316 2 457 190 37 34 0 0 -1
317 1 995 573 175 75 0 0 -1
317 2 449 193 39 37 0 0 -1
318 1 990 573 175 75 0 0 -1
318 2 445 196 34 37 0 0 -1
319 1 985 573 175 75 0 0 -1
319 2 440 200 35 34 0 0 -1
320 1 970 573 175 75 0 0 -1
320 2 435 207 38 33 0 0 -1
321 1 965 573 175 75 0 0 -1
321 2 432 212 33 34 0 0 -1
322 1 970 573 165 75 0 0 -1
322 2 424 213 41 37 0 0 -1
323 1 960 583 165 75 0 0 -1
323 2 423 220 35 33 0 0 -1
324 1 950 593 165 75 0 0 -1
324 2 418 221 40 34 0 0 -1
325 1 940 603 165 75 0 0 -1
325 2 415 229 39 28 0 0 -1
326 1 930 618 165 75 0 0 -1
326 2 413 236 40 26 0 0 -1
327 1 920 623 165 75 0 0 -1
327 2 409 238 43 26 0 0 -1
328 1 920 623 165 75 0 0 -1
328 2 406 244 43 24 0 0 -1
329 1 910 623 165 75 0 0 -1
329 2 402 246 43 25 0 0 -1
330 1 900 623 165 75 0 0 -1
330 2 402 246 39 28 0 0 -1
331 1 890 623 165 75 0 0 -1
331 2 399 253 42 25 0 0 -1
332 1 885 623 165 75 0 0 -1
332 2 393 254 42 25 0 0 -1
333 1 880 623 165 75 0 0 -1
333 2 393 257 36 27 0 0 -1
334 1 880 623 165 75 0 0 -1
334 2 388 257 41 27 0 0 -1
335 1 870 623 165 75 0 0 -1
335 2 392 255 36 28 0 0 -1
336 1 865 623 165 75 0 0 -1
336 2 382 255 40 30 0 0 -1
337 1 860 623 165 75 0 0 -1
337 2 382 258 33 27 0 0 -1
338 1 855 623 165 75 0 0 -1
338 2 375 254 41 34 0 0 -1
339 1 850 618 165 75 0 0 -1
339 2 369 258 38 29 0 0 -1
340 1 850 618 165 75 0 0 -1
340 2 365 258 37 27 0 0 -1
341 1 845 613 165 75 0 0 -1
341 2 358 258 40 29 0 0 -1
342 1 840 613 165 70 0 0 -1
342 2 355 257 38 28 0 0 -1
343 1 835 613 165 70 0 0 -1
343 2 350 257 36 26 0 0 -1
344 1 836 603 159 70 0 0 -1
344 2 339 255 42 29 0 0 -1
345 1 836 603 159 70 0 0 -1
345 2 335 254 42 26 0 0 -1
346 1 836 603 159 70 0 0 -1
346 2 325 253 42 28 0 0 -1
347 1 836 603 159 70 0 0 -1
347 2 317 250 41 26 0 0 -1
348 1 831 603 159 70 0 0 -1
348 2 309 247 41 27 0 0 -1
349 1 831 603 159 70 0 0 -1
349 2 303 246 40 29 0 0 -1
350 1 826 603 159 70 0 0 -1
350 2 295 246 39 25 0 0 -1
351 1 826 603 159 70 0 0 -1
351 2 284 244 42 27 0 0 -1
352 1 826 603 159 70 0 0 -1
352 2 277 242 48 26 0 0 -1
353 1 826 603 159 70 0 0 -1
353 2 270 241 48 26 0 0 -1
354 1 826 603 159 67 0 0 -1
354 2 260 238 44 28 0 0 -1
355 1 821 603 159 67 0 0 -1
355 2 253 234 46 29 0 0 -1
356 1 826 603 159 67 0 0 -1
356 2 250 234 40 30 0 0 -1
357 1 826 603 159 67 0 0 -1
357 2 239 230 41 33 0 0 -1
358 1 826 603 159 67 0 0 -1
358 2 233 228 41 34 0 0 -1
359 1 831 603 154 67 0 0 -1
359 2 224 225 42 36 0 0 -1
360 1 831 603 154 67 0 0 -1
360 2 220 225 37 36 0 0 -1
361 1 831 598 154 67 0 0 -1
361 2 211 223 41 35 0 0 -1
362 1 831 598 154 67 0 0 -1
362 2 210 221 38 37 0 0 -1
363 1 831 598 162 67 0 0 -1
363 2 202 219 39 36 0 0 -1
364 1 831 598 162 67 0 0 -1
364 2 194 216 45 38 0 0 -1
365 1 836 598 162 67 0 0 -1
365 2 192 215 43 36 0 0 -1
366 1 847 598 156 67 0 0 -1
366 2 188 213 45 38 0 0 -1
367 1 848 598 153 67 0 0 -1
367 2 183 214 48 33 0 0 -1
368 1 853 598 153 67 0 0 -1
368 2 177 213 49 32 0 0 -1
369 1 853 598 153 67 0 0 -1
369 2 175 215 48 30 0 0 -1
370 1 853 598 153 67 0 0 -1
370 2 175 213 44 31 0 0 -1
371 1 848 598 153 67 0 0 -1
371 2 169 213 50 31 0 0 -1
372 1 853 603 153 67 0 0 -1
372 2 168 212 51 29 0 0 -1
373 1 853 603 153 67 0 0 -1
373 2 164 208 48 34 0 0 -1
374 1 853 603 153 67 0 0 -1
374 2 164 210 42 31 0 0 -1
375 1 853 608 153 67 0 0 -1
375 2 159 207 48 35 0 0 -1
376 1 851 608 150 67 0 0 -1
376 2 158 208 48 37 0 0 -1
377 1 851 613 150 67 0 0 -1
377 2 156 206 47 36 0 0 -1
378 1 851 613 150 67 0 0 -1
378 2 151 207 48 38 0 0 -1
379 1 851 618 150 64 0 0 -1
379 2 151 207 50 37 0 0 -1
380 1 851 618 150 64 0 0 -1
380 2 148 206 47 38 0 0 -1
381 1 846 623 150 64 0 0 -1
381 2 144 207 54 38 0 0 -1
382 1 846 623 150 64 0 0 -1
382 2 147 210 47 35 0 0 -1
383 1 846 628 150 64 0 0 -1
383 2 144 208 46 39 0 0 -1
384 1 846 631 150 61 0 0 -1
384 2 144 208 48 38 0 0 -1
385 1 851 634 150 61 0 0 -1
385 2 143 211 45 36 0 0 -1
386 1 851 637 150 58 0 0 -1
386 2 142 213 46 34 0 0 -1
387 1 851 642 150 58 0 0 -1
387 2 141 215 47 34 0 0 -1
388 1 851 642 150 58 0 0 -1
388 2 141 215 48 35 0 0 -1
389 1 856 647 150 62 0 0 -1
389 2 141 219 44 34 0 0 -1
390 1 866 647 150 62 0 0 -1
390 2 142 219 43 32 0 0 -1
391 1 876 652 150 62 0 0 -1
391 2 142 221 44 33 0 0 -1
392 1 886 652 150 62 0 0 -1
392 2 139 220 47 35 0 0 -1
393 1 891 657 150 62 0 0 -1
393 2 142 223 44 31 0 0 -1
394 1 891 657 150 62 0 0 -1
394 2 144 224 46 33 0 0 -1
395 1 896 667 150 62 0 0 -1
395 2 143 225 46 29 0 0 -1
396 1 896 667 150 62 0 0 -1
396 2 143 229 47 28 0 0 -1
397 1 901 672 150 62 0 0 -1
397 2 144 228 46 27 0 0 -1
398 1 906 677 147 62 0 0 -1
398 2 143 229 47 29 0 0 -1
399 1 906 682 147 62 0 0 -1
399 2 144 229 51 26 0 0 -1
400 1 911 681 143 62 0 0 -1
400 2 146 229 47 25 0 0 -1
401 1 911 686 143 62 0 0 -1
401 2 147 228 46 26 0 0 -1
402 1 911 691 143 62 0 0 -1
402 2 148 227 47 23 0 0 -1
403 1 911 691 143 62 0 0 -1
403 2 151 228 44 23 0 0 -1
404 1 906 691 143 62 0 0 -1
404 2 150 224 45 25 0 0 -1
405 1 906 691 143 62 0 0 -1
405 2 152 225 45 22 0 0 -1
406 1 906 691 143 62 0 0 -1
406 2 150 223 47 27 0 0 -1
407 1 906 691 143 62 0 0 -1
407 2 155 218 40 28 0 0 -1
408 1 901 691 143 62 0 0 -1
408 2 152 217 43 29 0 0 -1
409 1 901 691 143 62 0 0 -1
409 2 155 213 40 33 0 0 -1
410 1 901 696 138 62 0 0 -1
410 2 156 213 37 33 0 0 -1
411 1 896 696 138 62 0 0 -1
411 2 158 211 40 36 0 0 -1
412 1 896 696 138 62 0 0 -1
412 2 159 212 39 35 0 0 -1
413 1 896 696 138 62 0 0 -1
413 2 161 210 37 37 0 0 -1
414 1 896 701 138 62 0 0 -1
414 2 164 212 38 33 0 0 -1
415 1 891 706 138 62 0 0 -1
415 2 165 211 40 35 0 0 -1
416 1 891 706 138 62 0 0 -1
416 2 167 215 40 34 0 0 -1
417 1 891 712 138 56 0 0 -1
417 2 171 216 40 31 0 0 -1
418 1 891 712 138 56 0 0 -1
418 2 173 216 39 31 0 0 -1
419 1 891 712 138 56 0 0 -1
419 2 177 217 41 29 0 0 -1
420 1 891 712 138 56 0 0 -1
420 2 177 216 43 33 0 0 -1
421 1 894 712 138 56 0 0 -1
421 2 181 216 43 33 0 0 -1
422 1 896 712 138 56 0 0 -1
422 2 186 219 44 28 0 0 -1
423 1 896 712 138 56 0 0 -1
423 2 192 219 40 30 0 0 -1
424 1 896 712 138 56 0 0 -1
424 2 195 219 42 31 0 0 -1
425 1 896 712 138 56 0 0 -1
425 2 201 220 39 31 0 0 -1
426 1 901 707 138 56 0 0 -1
426 2 205 221 41 30 0 0 -1
427 1 906 697 138 56 0 0 -1
427 2 211 223 39 31 0 0 -1
428 1 911 682 138 56 0 0 -1
428 2 216 225 40 28 0 0 -1
429 1 916 662 138 56 0 0 -1
429 2 220 224 42 33 0 0 -1
430 1 916 662 138 56 0 0 -1
430 2 226 227 41 28 0 0 -1
431 1 921 647 138 56 0 0 -1
431 2 231 227 44 28 0 0 -1
432 1 931 637 138 56 0 0 -1
432 2 236 227 41 31 0 0 -1
433 1 936 622 138 56 0 0 -1
433 2 241 227 41 32 0 0 -1
434 1 941 607 138 56 0 0 -1
434 2 249 228 42 33 0 0 -1
435 1 951 597 138 56 0 0 -1
435 2 254 228 43 30 0 0 -1
436 1 951 597 138 56 0 0 -1
436 2 261 229 43 30 0 0 -1
437 1 956 592 138 56 0 0 -1
437 2 265 227 44 31 0 0 -1
438 1 961 592 138 56 0 0 -1
438 2 274 229 44 30 0 0 -1
439 1 961 587 138 56 0 0 -1
439 2 283 229 42 29 0 0 -1
440 1 965 587 133 56 0 0 -1
440 2 291 229 40 28 0 0 -1
441 1 965 582 133 56 0 0 -1
441 2 297 228 41 29 0 0 -1
442 1 965 582 133 56 0 0 -1
442 2 304 227 43 27 0 0 -1
443 1 965 582 133 56 0 0 -1
443 2 313 227 39 22 0 0 -1
444 1 965 587 133 56 0 0 -1
444 2 318 224 41 27 0 0 -1
445 1 955 592 133 56 0 0 -1
445 2 328 224 35 23 0 0 -1
446 1 945 592 133 56 0 0 -1
446 2 333 219 35 26 0 0 -1
447 1 935 597 133 56 0 0 -1
447 2 337 216 39 29 0 0 -1
448 1 935 597 133 56 0 0 -1
448 2 342 213 40 28 0 0 -1
449 1 925 597 133 56 0 0 -1
449 2 346 212 43 26 0 0 -1
450 1 910 602 133 56 0 0 -1
450 2 352 210 41 30 0 0 -1
451 1 900 602 133 56 0 0 -1
451 2 358 211 40 27 0 0 -1
452 1 885 602 133 56 0 0 -1
452 2 365 212 37 22 0 0 -1
453 1 875 602 133 56 0 0 -1
453 2 367 208 46 28 0 0 -1
454 1 875 602 133 56 0 0 -1
454 2 376 207 39 26 0 0 -1
455 1 862 597 131 56 0 0 -1
455 2 381 206 35 30 0 0 -1
456 1 862 597 131 56 0 0 -1
456 2 385 206 38 26 0 0 -1
457 1 857 597 131 56 0 0 -1
457 2 389 203 38 33 0 0 -1
458 1 852 587 131 56 0 0 -1
458 2 397 203 34 31 0 0 -1
459 1 852 572 131 56 0 0 -1
459 2 399 202 40 34 0 0 -1
460 1 852 572 131 56 0 0 -1
460 2 405 203 35 33 0 0 -1
461 1 847 562 131 53 0 0 -1
461 2 410 203 36 33 0 0 -1
462 1 847 547 131 53 0 0 -1
462 2 417 208 35 26 0 0 -1
463 1 842 542 131 53 0 0 -1
463 2 418 206 40 28 0 0 -1
464 1 842 537 131 53 0 0 -1
464 2 426 208 36 28 0 0 -1
465 1 837 537 131 53 0 0 -1
465 2 428 210 42 30 0 0 -1
466 1 837 537 131 53 0 0 -1
466 2 436 208 39 30 0 0 -1
467 1 832 537 131 53 0 0 -1
467 2 444 212 38 27 0 0 -1
468 1 827 537 131 53 0 0 -1
468 2 446 211 42 27 0 0 -1
469 1 817 537 131 53 0 0 -1
469 2 457 212 38 28 0 0 -1
470 1 817 532 131 53 0 0 -1
470 2 463 215 37 27 0 0 -1
471 1 811 527 131 53 0 0 -1
471 2 470 216 38 26 0 0 -1
472 1 811 527 131 53 0 0 -1
472 2 474 215 42 29 0 0 -1
473 1 811 522 131 53 0 0 -1
473 2 482 217 39 27 0 0 -1
474 1 806 517 131 53 0 0 -1
474 2 491 216 35 29 0 0 -1
475 1 806 512 131 53 0 0 -1
475 2 496 221 41 25 0 0 -1
476 1 806 507 131 53 0 0 -1
476 2 503 219 39 27 0 0 -1
477 1 806 502 131 53 0 0 -1
477 2 509 223 43 24 0 0 -1
478 1 806 487 131 53 0 0 -1
478 2 519 221 33 30 0 0 -1
479 1 806 487 131 53 0 0 -1
479 2 522 223 42 28 0 0 -1
480 1 806 477 131 53 0 0 -1
480 2 529 225 42 28 0 0 -1
481 1 811 467 131 53 0 0 -1
481 2 539 223 38 32 0 0 -1
482 1 811 452 131 53 0 0 -1
482 2 548 229 37 28 0 0 -1
483 1 816 437 131 53 0 0 -1
483 2 554 227 39 27 0 0 -1
484 1 826 422 125 53 0 0 -1
484 2 562 230 35 27 0 0 -1
485 1 826 422 125 53 0 0 -1
485 2 568 228 42 30 0 0 -1
486 1 831 412 125 53 0 0 -1
486 2 577 232 37 23 0 0 -1
487 1 837 411 118 51 0 0 -1
487 2 585 233 37 22 0 0 -1
488 1 837 401 118 51 0 0 -1
488 2 589 234 41 25 0 0 -1
489 1 842 396 118 51 0 0 -1
489 2 598 236 37 19 0 0 -1
490 1 847 391 118 51 0 0 -1
490 2 602 234 43 23 0 0 -1
491 1 847 391 118 51 0 0 -1
491 2 611 230 38 28 0 0 -1
492 1 847 391 118 51 0 0 -1
492 2 620 229 34 29 0 0 -1
493 1 852 386 118 51 0 0 -1
493 2 626 229 32 26 0 0 -1
494 1 852 381 118 51 0 0 -1
494 2 632 228 35 26 0 0 -1
495 1 857 376 118 51 0 0 -1
495 2 639 224 36 31 0 0 -1
496 1 857 376 118 51 0 0 -1
496 2 643 224 36 31 0 0 -1
497 1 857 376 118 51 0 0 -1
497 2 652 224 29 25 0 0 -1
498 1 862 373 118 49 0 0 -1
498 2 656 221 31 26 0 0 -1
499 1 862 371 118 48 0 0 -1
499 2 658 224 32 23 0 0 -1
500 1 867 371 114 46 0 0 -1
500 2 664 223 32 23 0 0 -1
501 1 872 366 111 46 0 0 -1
501 2 665 223 36 23 0 0 -1
502 1 877 361 111 46 0 0 -1
502 2 671 220 36 26 0 0 -1
503 1 877 361 111 46 0 0 -1
503 2 679 219 33 28 0 0 -1
504 1 882 358 104 44 0 0 -1
504 2 683 220 30 27 0 0 -1
505 1 882 353 104 44 0 0 -1
505 2 687 220 31 26 0 0 -1
506 1 887 348 104 44 0 0 -1
506 2 691 220 33 27 0 0 -1
507 1 892 343 104 44 0 0 -1
507 2 695 220 35 26 0 0 -1
508 1 897 338 101 41 0 0 -1
508 2 701 219 31 30 0 0 -1
509 1 897 338 101 41 0 0 -1
509 2 704 223 35 26 0 0 -1
510 1 897 328 101 41 0 0 -1
510 2 711 221 34 28 0 0 -1
511 1 902 318 104 41 0 0 -1
511 2 716 223 36 27 0 0 -1
512 1 912 308 101 41 0 0 -1
512 2 725 221 30 28 0 0 -1
513 1 917 303 101 41 0 0 -1
513 2 730 223 32 27 0 0 -1
514 1 922 293 101 41 0 0 -1
514 2 735 225 32 25 0 0 -1
515 1 922 293 101 41 0 0 -1
515 2 741 227 31 23 0 0 -1
516 1 927 288 101 41 0 0 -1
516 2 750 227 31 24 0 0 -1
517 1 932 283 101 41 0 0 -1
517 2 752 227 34 26 0 0 -1
518 1 937 278 101 41 0 0 -1
518 2 756 230 37 24 0 0 -1
519 1 947 268 101 41 0 0 -1
519 2 762 233 35 21 0 0 -1
520 1 952 263 101 41 0 0 -1
520 2 771 229 29 26 0 0 -1
521 1 952 263 101 41 0 0 -1
521 2 773 230 37 25 0 0 -1
522 1 957 253 101 41 0 0 -1
522 2 780 232 33 26 0 0 -1
523 1 962 248 101 41 0 0 -1
523 2 786 230 32 25 0 0 -1
524 1 972 243 95 41 0 0 -1
524 2 790 230 33 29 0 0 -1
525 1 977 238 95 41 0 0 -1
525 2 794 232 29 26 0 0 -1
526 1 982 233 95 41 0 0 -1
526 2 797 230 35 28 0 0 -1
527 1 982 233 95 41 0 0 -1
527 2 801 234 33 25 0 0 -1
528 1 987 228 95 41 0 0 -1
528 2 805 233 32 28 0 0 -1
529 1 992 218 95 41 0 0 -1
529 2 807 233 33 26 0 0 -1
530 1 997 213 95 41 0 0 -1
530 2 809 232 35 25 0 0 -1
531 1 1002 203 95 41 0 0 -1
531 2 811 230 37 28 0 0 -1
532 1 1007 193 95 41 0 0 -1
532 2 818 232 30 23 0 0 -1
533 1 1007 193 95 41 0 0 -1
533 2 815 227 36 26 0 0 -1
534 1 1012 183 95 41 0 0 -1
534 2 822 224 34 29 0 0 -1
535 1 1021 175 91 37 0 0 -1
535 2 822 223 32 27 0 0 -1
536 1 1021 165 91 37 0 0 -1
536 2 826 223 28 24 0 0 -1
537 1 1023 147 91 37 0 0 -1
537 2 826 219 31 27 0 0 -1
538 1 1028 132 91 37 0 0 -1
538 2 828 217 30 27 0 0 -1
539 1 1028 132 91 37 0 0 -1
539 2 827 216 30 22 0 0 -1
540 1 1033 122 91 37 0 0 -1
540 2 824 216 38 24 0 0 -1
541 1 1029 114 91 37 0 0 -1
541 2 830 212 35 26 0 0 -1
542 1 1029 109 91 37 0 0 -1
542 2 834 212 31 25 0 0 -1
543 1 1029 104 91 37 0 0 -1
543 2 832 211 30 25 0 0 -1
544 1 1024 99 91 37 0 0 -1
544 2 832 207 33 27 0 0 -1
545 1 1024 99 91 37 0 0 -1
545 2 836 210 32 23 0 0 -1
546 1 1024 94 91 37 0 0 -1
546 2 832 208 36 24 0 0 -1
547 1 1024 94 91 37 0 0 -1
547 2 836 210 32 20 0 0 -1
548 1 1022 97 91 37 0 0 -1
548 2 839 207 32 22 0 0 -1
549 1 1022 97 91 37 0 0 -1
549 2 836 206 38 24 0 0 -1
550 1 1027 112 91 37 0 0 -1
550 2 840 204 33 26 0 0 -1
551 1 1027 112 91 37 0 0 -1
551 2 840 204 33 25 0 0 -1
552 1 1032 122 91 37 0 0 -1
552 2 847 203 28 27 0 0 -1
553 1 1032 132 91 37 0 0 -1
553 2 847 204 30 25 0 0 -1
554 1 1032 147 91 37 0 0 -1
554 2 848 200 29 30 0 0 -1
555 1 1032 152 91 37 0 0 -1
555 2 853 206 28 26 0 0 -1
556 1 1027 162 91 37 0 0 -1
556 2 851 202 34 28 0 0 -1
557 1 1022 162 91 37 0 0 -1
557 2 853 202 35 30 0 0 -1
558 1 1017 162 91 37 0 0 -1
558 2 858 203 29 27 0 0 -1
559 1 1017 162 91 37 0 0 -1
559 2 861 204 31 28 0 0 -1
560 1 1012 162 91 37 0 0 -1
560 2 868 206 31 27 0 0 -1
561 1 1002 162 91 37 0 0 -1
561 2 870 204 30 28 0 0 -1
562 1 992 157 91 37 0 0 -1
562 2 871 208 32 24 0 0 -1
563 1 992 157 91 37 0 0 -1
563 2 877 207 30 27 0 0 -1
564 1 987 157 91 37 0 0 -1
564 2 881 206 31 27 0 0 -1
565 1 972 152 91 37 0 0 -1
565 2 883 206 32 28 0 0 -1
566 1 962 152 91 37 0 0 -1
566 2 887 211 32 23 0 0 -1
567 1 957 147 91 37 0 0 -1
567 2 894 210 30 24 0 0 -1
568 1 942 147 91 37 0 0 -1
568 2 894 210 32 22 0 0 -1
569 1 942 147 91 37 0 0 -1
569 2 898 210 36 26 0 0 -1
570 1 927 147 91 37 0 0 -1
570 2 904 210 37 26 0 0 -1
571 1 917 142 91 37 0 0 -1
571 2 907 211 38 23 0 0 -1
572 1 907 142 91 37 0 0 -1
572 2 916 212 35 24 0 0 -1
573 1 905 138 88 36 0 0 -1
573 2 922 212 33 26 0 0 -1
574 1 900 138 88 36 0 0 -1
574 2 925 213 31 27 0 0 -1
575 1 900 138 88 36 0 0 -1
575 2 930 213 34 23 0 0 -1
576 1 895 138 88 36 0 0 -1
576 2 934 213 35 27 0 0 -1
577 1 890 138 88 36 0 0 -1
577 2 941 217 35 20 0 0 -1
578 1 885 138 88 36 0 0 -1
578 2 945 213 36 28 0 0 -1
579 1 880 133 88 36 0 0 -1
579 2 953 219 32 22 0 0 -1
580 1 875 133 88 36 0 0 -1
580 2 958 217 31 23 0 0 -1
581 1 875 133 88 36 0 0 -1
581 2 967 219 25 22 0 0 -1
582 1 870 133 88 36 0 0 -1
582 2 969 219 29 23 0 0 -1
583 1 865 133 88 36 0 0 -1
583 2 976 219 27 21 0 0 -1
584 1 855 133 88 36 0 0 -1
584 2 976 217 34 25 0 0 -1
585 1 850 133 88 36 0 0 -1
585 2 980 217 34 25 0 0 -1
586 1 847 133 81 36 0 0 -1
586 2 988 217 31 27 0 0 -1
587 1 847 133 81 36 0 0 -1
587 2 989 220 35 25 0 0 -1
588 1 842 133 81 36 0 0 -1
588 2 993 220 35 24 0 0 -1
589 1 832 133 81 36 0 0 -1
589 2 998 219 36 26 0 0 -1
590 1 827 128 81 36 0 0 -1
590 2 1003 220 31 26 0 0 -1
591 1 817 128 81 36 0 0 -1
591 2 1007 223 29 23 0 0 -1
592 1 812 128 81 36 0 0 -1
592 2 1009 224 34 22 0 0 -1
593 1 812 128 81 36 0 0 -1
593 2 1014 224 31 25 0 0 -1
594 1 802 128 81 36 0 0 -1
594 2 1015 223 36 23 0 0 -1
595 1 792 128 81 36 0 0 -1
595 2 1019 225 32 22 0 0 -1
596 1 787 128 81 36 0 0 -1
596 2 1023 228 31 21 0 0 -1
597 1 782 128 81 36 0 0 -1
597 2 1024 228 32 22 0 0 -1
598 1 777 128 81 36 0 0 -1
598 2 1027 225 33 22 0 0 -1
599 1 777 128 81 36 0 0 -1
599 2 1027 228 35 23 0 0 -1
600 1 767 128 81 36 0 0 -1
600 2 1028 228 34 23 0 0 -1
601 1 767 123 69 36 0 0 -1
601 2 1036 225 30 29 0 0 -1
602 1 762 123 69 36 0 0 -1
602 2 1036 228 33 23 0 0 -1
603 1 754 118 69 36 0 0 -1
603 2 1039 229 32 21 0 0 -1
604 1 749 118 69 36 0 0 -1
604 2 1039 228 34 25 0 0 -1
605 1 749 118 69 36 0 0 -1
605 2 1040 227 33 24 0 0 -1
606 1 744 118 69 36 0 0 -1
606 2 1039 225 36 26 0 0 -1
607 1 739 113 69 36 0 0 -1
607 2 1043 228 30 23 0 0 -1
608 1 734 113 69 36 0 0 -1
608 2 1041 228 36 25 0 0 -1
609 1 729 111 69 38 0 0 -1
609 2 1045 228 30 22 0 0 -1
610 1 724 111 69 38 0 0 -1
610 2 1043 225 34 24 0 0 -1
611 1 724 111 69 38 0 0 -1
611 2 1044 224 35 23 0 0 -1
612 1 714 111 69 38 0 0 -1
612 2 1044 223 37 21 0 0 -1
613 1 707 111 71 38 0 0 -1
613 2 1048 221 34 25 0 0 -1
614 1 701 111 72 38 0 0 -1
614 2 1047 219 36 25 0 0 -1
615 1 691 111 72 38 0 0 -1
615 2 1048 217 34 24 0 0 -1
616 1 686 111 72 38 0 0 -1
616 2 1047 216 34 22 0 0 -1
617 1 686 111 72 38 0 0 -1
617 2 1047 216 32 22 0 0 -1
618 1 681 111 72 38 0 0 -1
618 2 1048 212 35 22 0 0 -1
619 1 671 111 72 38 0 0 -1
619 2 1051 211 31 25 0 0 -1
620 1 666 106 72 38 0 0 -1
620 2 1049 210 34 22 0 0 -1
621 1 661 106 72 38 0 0 -1
621 2 1052 211 31 22 0 0 -1
622 1 656 101 72 38 0 0 -1
622 2 1052 208 35 25 0 0 -1
623 1 651 101 72 38 0 0 -1
623 2 1051 206 34 27 0 0 -1
624 1 646 101 72 38 0 0 -1
624 2 1052 202 33 30 0 0 -1
625 1 635 99 78 38 0 0 -1
625 2 1053 203 32 27 0 0 -1
626 1 630 99 78 38 0 0 -1
626 2 1056 204 32 26 0 0 -1
627 1 625 94 78 38 0 0 -1
627 2 1054 206 33 22 0 0 -1
628 1 615 94 78 38 0 0 -1
628 2 1053 203 38 25 0 0 -1
629 1 615 94 78 38 0 0 -1
629 2 1054 203 34 26 0 0 -1
630 1 605 94 78 38 0 0 -1
630 2 1057 199 35 30 0 0 -1
631 1 600 94 78 38 0 0 -1
631 2 1057 202 38 30 0 0 -1
632 1 594 91 82 41 0 0 -1
632 2 1062 200 34 32 0 0 -1
633 1 584 91 82 41 0 0 -1
633 2 1061 203 38 27 0 0 -1
634 1 579 91 82 41 0 0 -1
634 2 1066 207 36 23 0 0 -1
635 1 579 91 82 41 0 0 -1
635 2 1068 204 35 25 0 0 -1
636 1 574 91 82 41 0 0 -1
636 2 1071 204 36 28 0 0 -1
637 1 564 93 84 39 0 0 -1
637 2 1077 206 38 26 0 0 -1
638 1 559 93 84 39 0 0 -1
638 2 1078 204 35 26 0 0 -1
639 1 549 98 84 39 0 0 -1
639 2 1078 206 41 27 0 0 -1
640 1 544 98 84 39 0 0 -1
640 2 1087 207 34 26 0 0 -1
641 1 539 98 84 39 0 0 -1
641 2 1085 208 39 24 0 0 -1
642 1 539 98 84 39 0 0 -1
642 2 1094 210 28 23 0 0 -1
643 1 529 103 84 39 0 0 -1
643 2 1096 207 34 27 0 0 -1
644 1 519 105 84 39 0 0 -1
644 2 1098 211 35 25 0 0 -1
645 1 514 105 84 39 0 0 -1
645 2 1102 212 32 24 0 0 -1
646 1 504 110 84 39 0 0 -1
646 2 1107 211 32 26 0 0 -1
647 1 494 110 84 39 0 0 -1
647 2 1109 212 32 24 0 0 -1
648 1 494 112 84 39 0 0 -1
648 2 1111 211 32 27 0 0 -1
649 1 485 116 88 40 0 0 -1
649 2 1117 211 34 26 0 0 -1
650 1 475 116 88 40 0 0 -1
650 2 1122 210 34 30 0 0 -1
651 1 466 121 88 40 0 0 -1
651 2 1121 213 37 27 0 0 -1
652 1 456 126 88 40 0 0 -1
652 2 1124 215 31 23 0 0 -1
653 1 451 126 88 40 0 0 -1
653 2 1128 213 32 28 0 0 -1
654 1 451 126 88 40 0 0 -1
654 2 1130 212 32 28 0 0 -1
655 1 441 126 88 40 0 0 -1
655 2 1133 216 31 22 0 0 -1
656 1 431 131 88 40 0 0 -1
656 2 1136 215 31 26 0 0 -1
657 1 426 131 88 40 0 0 -1
657 2 1139 217 29 21 0 0 -1
658 1 416 136 88 40 0 0 -1
658 2 1139 215 32 25 0 0 -1
659 1 406 136 88 40 0 0 -1
659 2 1143 215 28 25 0 0 -1
660 1 406 136 88 40 0 0 -1
660 2 1145 215 27 27 0 0 -1
661 1 401 141 88 40 0 0 -1
661 2 1146 215 29 23 0 0 -1
662 1 391 141 88 40 0 0 -1
662 2 1149 216 27 22 0 0 -1
663 1 386 141 88 40 0 0 -1
663 2 1145 216 31 26 0 0 -1
664 1 381 146 88 40 0 0 -1
664 2 1147 217 32 25 0 0 -1
665 1 372 150 88 40 0 0 -1
665 2 1146 213 34 29 0 0 -1
666 1 372 150 88 40 0 0 -1
666 2 1151 216 30 28 0 0 -1
667 1 367 150 88 40 0 0 -1
667 2 1151 216 30 24 0 0 -1
668 1 357 155 88 40 0 0 -1
668 2 1151 217 26 24 0 0 -1
669 1 352 155 88 40 0 0 -1
669 2 1146 217 34 25 0 0 -1
670 1 347 155 88 40 0 0 -1
670 2 1150 216 30 24 0 0 -1
671 1 342 160 88 40 0 0 -1
671 2 1147 216 33 26 0 0 -1
672 1 342 160 88 40 0 0 -1
672 2 1147 216 29 25 0 0 -1
673 1 337 160 88 40 0 0 -1
673 2 1146 215 30 25 0 0 -1
674 1 332 160 88 40 0 0 -1
674 2 1147 215 32 25 0 0 -1
675 1 327 160 88 40 0 0 -1
675 2 1143 215 33 25 0 0 -1
676 1 322 165 88 40 0 0 -1
676 2 1139 212 38 26 0 0 -1
677 1 317 165 88 40 0 0 -1
677 2 1142 212 33 24 0 0 -1
678 1 317 165 88 40 0 0 -1
678 2 1136 211 36 25 0 0 -1
679 1 307 165 88 40 0 0 -1
679 2 1137 210 34 27 0 0 -1
680 1 307 165 88 40 0 0 -1
680 2 1137 212 31 24 0 0 -1
681 1 302 170 88 40 0 0 -1
681 2 1133 212 34 24 0 0 -1
682 1 297 175 88 40 0 0 -1
682 2 1130 210 36 24 0 0 -1
683 1 292 175 88 40 0 0 -1
683 2 1126 207 41 29 0 0 -1
684 1 292 175 88 40 0 0 -1
684 2 1124 211 35 22 0 0 -1
685 1 287 175 88 40 0 0 -1
685 2 1122 206 33 27 0 0 -1
686 1 282 175 88 40 0 0 -1
686 2 1120 206 36 26 0 0 -1
687 1 277 175 88 40 0 0 -1
687 2 1120 206 31 24 0 0 -1
688 1 277 175 88 40 0 0 -1
688 2 1115 203 35 27 0 0 -1
689 1 272 180 88 40 0 0 -1
689 2 1112 204 35 25 0 0 -1
690 1 272 180 88 40 0 0 -1
690 2 1107 204 36 26 0 0 -1
691 1 267 180 88 40 0 0 -1
691 2 1105 202 36 26 0 0 -1
692 1 262 180 88 40 0 0 -1
692 2 1102 202 35 25 0 0 -1
693 1 257 180 88 40 0 0 -1
693 2 1100 200 33 28 0 0 -1
694 1 257 180 88 40 0 0 -1
694 2 1096 200 33 24 0 0 -1
695 1 252 175 88 40 0 0 -1
695 2 1092 200 36 25 0 0 -1
696 1 252 175 88 40 0 0 -1
696 2 1087 200 34 25 0 0 -1
697 1 247 175 88 40 0 0 -1
697 2 1086 196 35 25 0 0 -1
698 1 247 175 88 40 0 0 -1
698 2 1081 198 35 25 0 0 -1
699 1 247 175 88 40 0 0 -1
699 2 1079 194 34 29 0 0 -1
700 1 242 175 88 40 0 0 -1
700 2 1071 194 36 25 0 0 -1
701 1 237 175 88 40 0 0 -1
701 2 1069 191 36 29 0 0 -1
702 1 237 175 88 40 0 0 -1
702 2 1065 194 34 23 0 0 -1
703 1 237 175 88 40 0 0 -1
703 2 1058 191 36 28 0 0 -1
704 1 237 175 88 40 0 0 -1
704 2 1057 193 31 24 0 0 -1
705 1 237 175 88 40 0 0 -1
705 2 1052 193 35 24 0 0 -1
706 1 237 175 88 40 0 0 -1
706 2 1045 189 36 27 0 0 -1
707 1 237 175 88 40 0 0 -1
707 2 1044 191 31 24 0 0 -1
708 1 237 175 88 40 0 0 -1
708 2 1039 187 34 24 0 0 -1
709 1 237 175 88 40 0 0 -1
709 2 1036 187 33 24 0 0 -1
710 1 232 175 88 40 0 0 -1
710 2 1030 186 32 24 0 0 -1
711 1 237 175 88 40 0 0 -1
711 2 1026 183 32 25 0 0 -1
712 1 237 175 88 40 0 0 -1
712 2 1019 183 35 25 0 0 -1
713 1 232 175 88 40 0 0 -1
713 2 1015 182 33 25 0 0 -1
714 1 232 175 88 40 0 0 -1
714 2 1006 181 41 26 0 0 -1
715 1 232 175 88 40 0 0 -1
715 2 1002 181 34 25 0 0 -1
716 1 232 180 88 40 0 0 -1
716 2 997 178 37 25 0 0 -1
717 1 232 185 88 40 0 0 -1
717 2 996 181 30 22 0 0 -1
718 1 232 190 88 40 0 0 -1
718 2 990 177 30 25 0 0 -1
719 1 227 195 88 40 0 0 -1
719 2 983 178 34 22 0 0 -1
720 1 227 195 88 40 0 0 -1
720 2 977 173 36 27 0 0 -1
721 1 217 195 88 40 0 0 -1
721 2 972 174 31 24 0 0 -1
722 1 217 200 88 40 0 0 -1
722 2 966 173 39 25 0 0 -1
723 1 218 200 80 40 0 0 -1
723 2 959 173 37 22 0 0 -1
724 1 213 200 80 40 0 0 -1
724 2 958 172 27 22 0 0 -1
725 1 213 200 80 40 0 0 -1
725 2 949 168 32 27 0 0 -1
726 1 213 200 80 40 0 0 -1
726 2 941 169 36 24 0 0 -1
727 1 208 200 80 40 0 0 -1
727 2 934 168 37 22 0 0 -1
728 1 203 200 80 40 0 0 -1
728 2 930 168 33 21 0 0 -1
729 1 198 200 80 40 0 0 -1
729 2 922 165 36 24 0 0 -1
730 1 202 200 70 40 0 0 -1
730 2 917 161 32 28 0 0 -1
731 1 202 200 70 40 0 0 -1
731 2 909 162 34 24 0 0 -1
732 1 202 200 70 40 0 0 -1
732 2 905 161 34 22 0 0 -1
733 1 197 195 70 40 0 0 -1
733 2 900 162 30 20 0 0 -1
734 1 192 195 70 40 0 0 -1
734 2 894 159 28 24 0 0 -1
735 1 187 195 70 40 0 0 -1
735 2 883 157 37 25 0 0 -1
736 1 187 195 70 40 0 0 -1
736 2 875 156 37 25 0 0 -1
737 1 182 200 70 40 0 0 -1
737 2 870 152 34 27 0 0 -1
738 1 182 200 70 40 0 0 -1
738 2 864 153 34 26 0 0 -1
739 1 177 200 70 40 0 0 -1
739 2 856 152 31 25 0 0 -1
740 1 177 205 70 40 0 0 -1
740 2 849 153 36 26 0 0 -1
741 1 172 205 70 40 0 0 -1
741 2 841 152 34 26 0 0 -1
742 1 172 205 70 40 0 0 -1
742 2 832 153 36 26 0 0 -1
743 1 167 210 70 40 0 0 -1
743 2 824 152 38 30 0 0 -1
744 1 167 210 70 40 0 0 -1
744 2 818 153 38 26 0 0 -1
745 1 167 210 70 40 0 0 -1
745 2 809 155 38 27 0 0 -1
746 1 167 215 70 40 0 0 -1
746 2 803 156 38 27 0 0 -1
747 1 167 215 70 40 0 0 -1
747 2 798 156 33 29 0 0 -1
748 1 167 225 70 40 0 0 -1
748 2 788 159 35 26 0 0 -1
749 1 167 230 70 40 0 0 -1
749 2 781 160 36 26 0 0 -1
750 1 167 230 70 40 0 0 -1
750 2 775 165 35 24 0 0 -1
751 1 167 230 70 40 0 0 -1
751 2 766 166 34 27 0 0 -1
752 1 167 235 70 40 0 0 -1
752 2 759 169 35 26 0 0 -1
753 1 172 240 70 40 0 0 -1
753 2 752 170 32 25 0 0 -1
754 1 172 245 70 40 0 0 -1
754 2 743 177 33 21 0 0 -1
755 1 172 250 70 40 0 0 -1
755 2 735 178 31 26 0 0 -1
756 1 172 250 70 40 0 0 -1
756 2 722 181 41 23 0 0 -1
757 1 172 259 75 40 0 0 -1
757 2 715 183 37 25 0 0 -1
758 1 172 259 75 40 0 0 -1
758 2 709 185 34 28 0 0 -1
759 1 172 269 75 40 0 0 -1
759 2 699 190 33 25 0 0 -1
760 1 172 269 75 40 0 0 -1
760 2 690 191 38 28 0 0 -1
761 1 172 274 75 40 0 0 -1
761 2 682 194 38 26 0 0 -1
762 1 172 274 75 40 0 0 -1
762 2 673 199 36 25 0 0 -1
763 1 172 279 75 40 0 0 -1
763 2 662 203 34 24 0 0 -1
764 1 177 284 75 40 0 0 -1
764 2 652 204 42 25 0 0 -1
765 1 177 284 75 40 0 0 -1
765 2 644 210 42 24 0 0 -1
766 1 177 284 75 40 0 0 -1
766 2 636 212 37 24 0 0 -1
767 1 177 284 75 40 0 0 -1
767 2 630 216 30 20 0 0 -1
768 1 177 289 75 40 0 0 -1
768 2 616 217 34 27 0 0 -1
769 1 170 290 82 40 0 0 -1
769 2 606 217 37 27 0 0 -1
770 1 170 290 82 40 0 0 -1
770 2 594 223 42 21 0 0 -1
771 1 170 295 82 40 0 0 -1
771 2 586 221 36 25 0 0 -1
772 1 170 295 82 40 0 0 -1
772 2 577 227 33 20 0 0 -1
773 1 170 295 82 40 0 0 -1
773 2 569 227 34 24 0 0 -1
774 1 170 295 82 40 0 0 -1
774 2 559 229 37 21 0 0 -1
775 1 170 295 82 40 0 0 -1
775 2 545 228 39 26 0 0 -1
776 1 170 295 82 40 0 0 -1
776 2 538 229 35 26 0 0 -1
777 1 170 295 82 40 0 0 -1
777 2 530 230 35 25 0 0 -1
778 1 170 295 82 40 0 0 -1
778 2 518 225 34 28 0 0 -1
779 1 170 295 82 40 0 0 -1
779 2 513 228 35 27 0 0 -1
780 1 170 295 82 40 0 0 -1
780 2 505 228 40 26 0 0 -1
781 1 170 295 82 40 0 0 -1
781 2 497 224 36 31 0 0 -1
782 1 170 295 82 40 0 0 -1
782 2 492 223 34 35 0 0 -1
783 1 170 295 82 40 0 0 -1
783 2 484 223 38 32 0 0 -1
784 1 170 295 82 40 0 0 -1
784 2 483 223 33 34 0 0 -1
785 1 170 295 82 40 0 0 -1
785 2 475 220 37 35 0 0 -1
786 1 170 295 82 40 0 0 -1
786 2 467 223 38 35 0 0 -1
787 1 170 295 82 40 0 0 -1
787 2 466 221 35 37 0 0 -1
788 1 175 295 82 40 0 0 -1
788 2 462 223 37 32 0 0 -1
789 1 175 300 82 40 0 0 -1
789 2 460 227 37 28 0 0 -1
790 1 180 300 82 40 0 0 -1
790 2 457 225 39 26 0 0 -1
791 1 180 305 82 40 0 0 -1
791 2 456 228 35 25 0 0 -1
792 1 180 305 82 40 0 0 -1
792 2 450 228 37 26 0 0 -1
793 1 180 305 82 40 0 0 -1
793 2 448 229 39 25 0 0 -1
794 1 185 305 82 40 0 0 -1
794 2 445 230 41 25 0 0 -1
795 1 185 310 82 40 0 0 -1
795 2 443 230 40 28 0 0 -1
796 1 185 310 82 40 0 0 -1
796 2 440 233 40 25 0 0 -1
797 1 190 310 82 40 0 0 -1
797 2 440 233 38 24 0 0 -1
798 1 190 310 82 40 0 0 -1
798 2 436 236 41 25 0 0 -1
799 1 190 315 82 40 0 0 -1
799 2 436 241 37 21 0 0 -1
800 1 195 310 82 40 0 0 -1
800 2 431 238 42 28 0 0 -1
801 1 195 310 82 40 0 0 -1
801 2 429 240 41 27 0 0 -1
802 1 200 315 82 40 0 0 -1
802 2 428 242 39 30 0 0 -1
803 1 200 315 82 40 0 0 -1
803 2 424 246 41 29 0 0 -1
804 1 205 315 82 40 0 0 -1
804 2 424 249 39 29 0 0 -1
805 1 205 315 82 40 0 0 -1
805 2 420 254 45 26 0 0 -1
806 1 210 315 82 40 0 0 -1
806 2 419 257 43 28 0 0 -1
807 1 210 315 82 40 0 0 -1
807 2 417 259 43 25 0 0 -1
808 1 215 315 82 40 0 0 -1
808 2 418 263 42 26 0 0 -1
809 1 215 315 82 40 0 0 -1
809 2 416 267 41 28 0 0 -1
810 1 220 320 82 40 0 0 -1
810 2 411 270 46 27 0 0 -1
811 1 220 315 82 40 0 0 -1
811 2 411 273 46 27 0 0 -1
812 1 220 315 82 40 0 0 -1
812 2 411 276 43 28 0 0 -1
813 1 220 320 82 40 0 0 -1
813 2 411 279 42 26 0 0 -1
814 1 225 315 82 40 0 0 -1
814 2 407 283 46 25 0 0 -1
815 1 230 315 82 40 0 0 -1
815 2 409 284 40 26 0 0 -1
816 1 230 315 82 40 0 0 -1
816 2 409 284 45 28 0 0 -1
817 1 230 315 83 40 0 0 -1
817 2 407 285 45 28 0 0 -1
818 1 235 315 83 40 0 0 -1
818 2 409 285 43 27 0 0 -1
819 1 235 315 83 40 0 0 -1
819 2 409 288 44 26 0 0 -1
820 1 240 315 83 40 0 0 -1
820 2 411 289 42 24 0 0 -1
821 1 240 315 83 40 0 0 -1
821 2 413 287 39 26 0 0 -1
822 1 245 315 83 40 0 0 -1
822 2 411 285 39 24 0 0 -1
823 1 245 315 83 40 0 0 -1
823 2 413 285 41 23 0 0 -1
824 1 250 315 83 40 0 0 -1
824 2 413 287 39 21 0 0 -1
825 1 255 315 83 40 0 0 -1
825 2 409 285 43 20 0 0 -1
826 1 255 310 83 40 0 0 -1
826 2 411 279 43 25 0 0 -1
827 1 260 310 83 40 0 0 -1
827 2 410 279 46 25 0 0 -1
828 1 270 310 83 40 0 0 -1
828 2 414 278 40 22 0 0 -1
829 1 270 310 83 40 0 0 -1
829 2 414 271 42 25 0 0 -1
830 1 275 310 83 40 0 0 -1
830 2 414 267 40 28 0 0 -1
831 1 275 310 83 40 0 0 -1
831 2 409 264 47 27 0 0 -1
832 1 285 310 83 40 0 0 -1
832 2 413 259 39 32 0 0 -1
833 1 290 310 83 40 0 0 -1
833 2 411 258 42 29 0 0 -1
834 1 295 305 83 40 0 0 -1
834 2 411 254 42 33 0 0 -1
835 1 295 305 83 40 0 0 -1
835 2 410 250 50 33 0 0 -1
836 1 300 305 83 40 0 0 -1
836 2 411 246 46 37 0 0 -1
837 1 305 305 83 40 0 0 -1
837 2 413 242 43 36 0 0 -1
838 1 310 305 83 40 0 0 -1
838 2 413 244 45 34 0 0 -1
839 1 315 305 83 40 0 0 -1
839 2 413 241 45 34 0 0 -1
840 1 325 305 83 40 0 0 -1
840 2 415 237 46 37 0 0 -1
841 1 325 305 83 40 0 0 -1
841 2 416 238 44 36 0 0 -1
842 1 330 305 83 40 0 0 -1
842 2 416 234 47 38 0 0 -1
843 1 335 305 83 40 0 0 -1
843 2 422 235 43 37 0 0 -1
844 1 340 305 83 40 0 0 -1
844 2 423 233 46 37 0 0 -1
845 1 345 310 83 40 0 0 -1
845 2 427 233 42 38 0 0 -1
846 1 355 310 83 40 0 0 -1
846 2 427 233 46 34 0 0 -1
847 1 355 310 83 40 0 0 -1
847 2 432 229 43 39 0 0 -1
848 1 355 310 83 40 0 0 -1
848 2 435 233 42 33 0 0 -1
849 1 360 310 83 40 0 0 -1
849 2 437 232 45 35 0 0 -1
850 1 365 310 83 40 0 0 -1
850 2 441 230 45 38 0 0 -1
851 1 370 320 83 40 0 0 -1
851 2 444 229 43 37 0 0 -1
852 1 375 320 83 40 0 0 -1
852 2 445 232 47 32 0 0 -1
853 1 375 320 83 40 0 0 -1
853 2 449 236 45 31 0 0 -1
854 1 384 325 74 40 0 0 -1
854 2 454 238 46 30 0 0 -1
855 1 384 330 74 40 0 0 -1
855 2 454 240 49 30 0 0 -1
856 1 384 335 74 40 0 0 -1
856 2 458 242 46 28 0 0 -1
857 1 389 340 74 40 0 0 -1
857 2 462 245 46 29 0 0 -1
858 1 389 340 74 40 0 0 -1
858 2 466 247 45 29 0 0 -1
859 1 389 340 74 40 0 0 -1
859 2 467 253 45 27 0 0 -1
860 1 394 345 74 40 0 0 -1
860 2 470 254 46 30 0 0 -1
861 1 399 350 74 40 0 0 -1
861 2 475 259 46 25 0 0 -1
862 1 404 355 74 40 0 0 -1
862 2 477 262 45 27 0 0 -1
863 1 409 360 74 40 0 0 -1
863 2 482 264 44 25 0 0 -1
864 1 409 365 74 40 0 0 -1
864 2 486 268 42 27 0 0 -1
865 1 409 370 74 40 0 0 -1
865 2 490 270 43 26 0 0 -1
866 1 419 375 74 40 0 0 -1
866 2 492 271 47 26 0 0 -1
867 1 419 380 74 40 0 0 -1
867 2 496 272 43 25 0 0 -1
868 1 424 380 74 40 0 0 -1
868 2 499 274 43 26 0 0 -1
869 1 431 388 74 40 0 0 -1
869 2 507 278 43 22 0 0 -1
870 1 436 393 74 40 0 0 -1
870 2 505 275 47 23 0 0 -1
871 1 436 393 74 40 0 0 -1
871 2 508 272 46 28 0 0 -1
872 1 441 398 74 40 0 0 -1
872 2 513 274 46 23 0 0 -1
873 1 446 403 74 40 0 0 -1
873 2 514 272 48 25 0 0 -1
874 1 456 408 74 40 0 0 -1
874 2 524 268 43 27 0 0 -1
875 1 461 413 74 40 0 0 -1
875 2 524 270 44 26 0 0 -1
876 1 471 418 74 40 0 0 -1
876 2 529 267 44 26 0 0 -1
877 1 471 418 74 40 0 0 -1
877 2 530 266 45 26 0 0 -1
878 1 476 423 74 40 0 0 -1
878 2 534 263 43 26 0 0 -1
879 1 481 428 74 40 0 0 -1
879 2 538 263 46 26 0 0 -1
880 1 491 433 74 40 0 0 -1
880 2 541 261 45 26 0 0 -1
881 1 491 443 74 40 0 0 -1
881 2 543 259 46 25 0 0 -1
882 1 501 443 74 40 0 0 -1
882 2 550 259 44 24 0 0 -1
883 1 501 443 74 40 0 0 -1
883 2 551 258 48 25 0 0 -1
884 1 506 453 74 40 0 0 -1
884 2 554 258 49 26 0 0 -1
885 1 516 458 74 40 0 0 -1
885 2 558 259 45 24 0 0 -1
886 1 521 463 74 40 0 0 -1
886 2 564 259 47 26 0 0 -1
887 1 526 468 74 40 0 0 -1
887 2 567 259 47 26 0 0 -1
888 1 536 473 74 40 0 0 -1
888 2 568 258 54 29 0 0 -1
889 1 536 473 74 40 0 0 -1
889 2 575 259 43 26 0 0 -1
890 1 541 483 74 40 0 0 -1
890 2 577 261 51 30 0 0 -1
891 1 546 488 74 40 0 0 -1
891 2 580 261 48 27 0 0 -1
892 1 556 488 74 40 0 0 -1
892 2 582 263 51 30 0 0 -1
893 1 566 493 74 40 0 0 -1
893 2 588 266 49 31 0 0 -1
894 1 576 498 74 40 0 0 -1
894 2 590 271 50 30 0 0 -1
895 1 576 498 74 40 0 0 -1
895 2 593 275 50 29 0 0 -1
896 1 581 503 74 40 0 0 -1
896 2 598 276 50 34 0 0 -1
897 1 586 513 74 40 0 0 -1
897 2 601 283 52 31 0 0 -1
898 1 596 513 74 40 0 0 -1
898 2 605 287 51 31 0 0 -1
899 1 601 523 74 40 0 0 -1
899 2 606 293 52 33 0 0 -1
900 1 606 528 74 40 0 0 -1
900 2 611 300 54 32 0 0 -1
901 1 606 528 74 40 0 0 -1
901 2 615 305 50 31 0 0 -1
902 1 616 533 74 40 0 0 -1
902 2 616 312 54 32 0 0 -1
903 1 621 538 74 40 0 0 -1
903 2 619 317 52 34 0 0 -1
904 1 626 543 74 40 0 0 -1
904 2 624 323 49 34 0 0 -1
905 1 631 543 74 40 0 0 -1
905 2 624 332 54 33 0 0 -1
906 1 646 548 74 40 0 0 -1
906 2 630 340 52 30 0 0 -1
907 1 646 548 74 40 0 0 -1
907 2 635 348 47 34 0 0 -1
908 1 651 548 74 40 0 0 -1
908 2 635 355 53 31 0 0 -1
909 1 656 553 74 40 0 0 -1
909 2 639 363 55 35 0 0 -1
910 1 661 553 74 40 0 0 -1
910 2 641 370 53 34 0 0 -1
911 1 671 555 74 40 0 0 -1
911 2 647 377 48 34 0 0 -1
912 1 675 558 74 40 0 0 -1
912 2 644 385 54 35 0 0 -1
913 1 675 558 74 40 0 0 -1
913 2 652 395 49 33 0 0 -1
914 1 685 563 74 40 0 0 -1
914 2 649 402 52 32 0 0 -1
915 1 695 563 74 40 0 0 -1
915 2 657 410 50 32 0 0 -1
916 1 700 568 74 40 0 0 -1
916 2 652 416 55 34 0 0 -1
917 1 705 568 74 40 0 0 -1
917 2 657 425 54 33 0 0 -1
918 1 710 568 74 40 0 0 -1
918 2 660 433 53 30 0 0 -1
919 1 710 568 74 40 0 0 -1
919 2 657 440 59 28 0 0 -1
920 1 715 568 74 40 0 0 -1
920 2 662 444 50 28 0 0 -1
921 1 725 568 74 40 0 0 -1
921 2 664 450 53 28 0 0 -1
922 1 730 568 74 40 0 0 -1
922 2 664 454 56 30 0 0 -1
923 1 740 568 74 40 0 0 -1
923 2 662 458 53 26 0 0 -1
924 1 745 568 74 40 0 0 -1
924 2 664 463 53 26 0 0 -1
925 1 745 573 74 40 0 0 -1
925 2 666 463 52 32 0 0 -1
926 1 750 568 74 40 0 0 -1
926 2 666 463 55 33 0 0 -1
927 1 760 568 74 40 0 0 -1
927 2 667 465 58 34 0 0 -1
928 1 765 568 74 40 0 0 -1
928 2 669 463 55 36 0 0 -1
929 1 775 568 74 40 0 0 -1
929 2 667 463 55 36 0 0 -1
930 1 780 568 74 40 0 0 -1
930 2 671 463 54 34 0 0 -1
931 1 780 568 74 40 0 0 -1
931 2 675 463 58 35 0 0 -1
932 1 790 573 74 40 0 0 -1
932 2 674 463 59 35 0 0 -1
933 1 795 573 74 40 0 0 -1
933 2 682 465 56 33 0 0 -1
934 1 805 568 74 40 0 0 -1
934 2 682 466 60 27 0 0 -1
935 1 810 573 74 40 0 0 -1
935 2 683 463 56 28 0 0 -1
936 1 815 572 79 36 0 0 -1
936 2 695 466 46 23 0 0 -1
937 1 815 572 79 36 0 0 -1
937 2 692 461 53 28 0 0 -1
938 1 825 572 79 36 0 0 -1
938 2 692 458 60 29 0 0 -1
939 1 830 567 79 36 0 0 -1
939 2 698 457 56 29 0 0 -1
940 1 840 562 79 36 0 0 -1
940 2 698 453 58 27 0 0 -1
941 1 845 562 79 36 0 0 -1
941 2 703 453 57 23 0 0 -1
942 1 855 557 79 36 0 0 -1
942 2 705 448 58 28 0 0 -1
943 1 855 557 79 36 0 0 -1
943 2 704 446 64 26 0 0 -1
944 1 860 552 79 36 0 0 -1
944 2 711 445 58 27 0 0 -1
945 1 870 547 79 36 0 0 -1
945 2 716 441 55 27 0 0 -1
946 1 875 547 79 36 0 0 -1
946 2 716 436 59 31 0 0 -1
947 1 885 542 79 36 0 0 -1
947 2 718 429 59 34 0 0 -1
948 1 895 542 79 36 0 0 -1
948 2 722 429 55 33 0 0 -1
949 1 895 542 79 36 0 0 -1
949 2 726 425 58 37 0 0 -1
950 1 905 542 79 36 0 0 -1
950 2 729 427 56 30 0 0 -1
951 1 910 537 79 36 0 0 -1
951 2 729 420 55 37 0 0 -1
952 1 920 537 79 36 0 0 -1
952 2 734 421 55 33 0 0 -1
953 1 925 532 79 36 0 0 -1
953 2 737 423 53 31 0 0 -1
954 1 930 532 79 36 0 0 -1
954 2 738 423 58 31 0 0 -1
955 1 935 532 79 36 0 0 -1
955 2 745 419 51 34 0 0 -1
956 1 940 532 79 36 0 0 -1
956 2 743 420 57 29 0 0 -1
957 1 945 527 79 36 0 0 -1
957 2 742 419 58 31 0 0 -1
958 1 955 527 79 36 0 0 -1
958 2 749 417 54 32 0 0 -1
959 1 960 522 79 36 0 0 -1
959 2 747 417 58 32 0 0 -1
960 1 965 512 79 36 0 0 -1
960 2 750 417 56 31 0 0 -1
961 1 970 507 79 36 0 0 -1
961 2 749 417 62 31 0 0 -1
962 1 970 507 79 36 0 0 -1
962 2 756 417 53 32 0 0 -1
963 1 975 497 79 36 0 0 -1
963 2 759 420 51 29 0 0 -1
964 1 983 497 79 36 0 0 -1
964 2 762 419 51 27 0 0 -1
965 1 983 487 79 36 0 0 -1
965 2 763 417 52 29 0 0 -1
966 1 988 482 79 36 0 0 -1
966 2 762 419 60 30 0 0 -1
967 1 988 472 79 36 0 0 -1
967 2 766 420 54 26 0 0 -1
968 1 993 472 79 36 0 0 -1
968 2 763 419 57 26 0 0 -1
969 1 993 472 79 36 0 0 -1
969 2 766 417 57 29 0 0 -1
970 1 998 462 79 36 0 0 -1
970 2 768 417 56 27 0 0 -1
971 1 1003 457 79 36 0 0 -1
971 2 769 416 59 25 0 0 -1
972 1 1003 452 79 36 0 0 -1
972 2 775 416 52 25 0 0 -1
973 1 1008 452 79 36 0 0 -1
973 2 769 412 61 29 0 0 -1
974 1 1008 452 79 36 0 0 -1
974 2 775 412 56 29 0 0 -1
975 1 1008 442 79 36 0 0 -1
975 2 772 407 62 31 0 0 -1
976 1 1013 442 79 36 0 0 -1
976 2 773 404 59 30 0 0 -1
977 1 1013 437 79 36 0 0 -1
977 2 776 400 59 36 0 0 -1
978 1 1018 432 79 36 0 0 -1
978 2 779 399 56 35 0 0 -1
979 1 1018 432 79 36 0 0 -1
979 2 780 397 56 36 0 0 -1
980 1 1018 427 79 36 0 0 -1
980 2 780 397 59 36 0 0 -1
981 1 1018 422 79 36 0 0 -1
981 2 780 395 64 38 0 0 -1
982 1 1018 417 79 36 0 0 -1
982 2 781 391 62 38 0 0 -1
983 1 1023 412 79 36 0 0 -1
983 2 786 394 54 39 0 0 -1
984 1 1023 407 79 36 0 0 -1
984 2 783 398 66 34 0 0 -1
985 1 1028 402 79 36 0 0 -1
985 2 784 397 63 37 0 0 -1
986 1 1028 402 79 36 0 0 -1
986 2 785 399 63 37 0 0 -1
987 1 1028 397 79 36 0 0 -1
987 2 786 402 63 39 0 0 -1
988 1 1028 392 79 36 0 0 -1
988 2 792 403 56 39 0 0 -1
989 1 1028 387 79 36 0 0 -1
989 2 789 410 62 36 0 0 -1
990 1 1028 382 79 36 0 0 -1
990 2 788 415 63 36 0 0 -1
991 1 1028 377 79 36 0 0 -1
991 2 793 419 59 41 0 0 -1
992 1 1028 377 79 36 0 0 -1
992 2 789 425 65 40 0 0 -1
993 1 1023 372 79 36 0 0 -1
993 2 792 433 62 37 0 0 -1
994 1 1023 367 79 36 0 0 -1
994 2 792 437 64 42 0 0 -1
995 1 1018 357 79 36 0 0 -1
995 2 793 445 65 39 0 0 -1
996 1 1013 352 79 36 0 0 -1
996 2 794 453 63 40 0 0 -1
997 1 1008 347 79 36 0 0 -1
997 2 796 466 64 34 0 0 -1
998 1 1008 347 79 36 0 0 -1
998 2 797 468 60 41 0 0 -1
999 1 1003 342 79 36 0 0 -1
999 2 800 482 56 36 0 0 -1
1000 1 998 342 79 36 0 0 -1
1000 2 802 489 55 37 0 0 -1
1001 1 993 337 79 36 0 0 -1
1001 2 803 501 51 35 0 0 -1
1002 1 993 332 79 36 0 0 -1
1002 2 803 506 59 41 0 0 -1
1003 1 988 332 79 36 0 0 -1
1003 2 802 518 60 38 0 0 -1
1004 1 988 332 79 36 0 0 -1
1004 2 807 527 53 33 0 0 -1
1005 1 988 327 79 36 0 0 -1
1005 2 806 536 58 32 0 0 -1
1006 1 983 327 79 36 0 0 -1
1006 2 806 542 62 34 0 0 -1
1007 1 983 322 79 36 0 0 -1
1007 2 806 549 60 33 0 0 -1
1008 1 978 322 79 36 0 0 -1
1008 2 807 555 63 34 0 0 -1
1009 1 978 317 79 36 0 0 -1
1009 2 811 561 57 34 0 0 -1
1010 1 978 317 79 36 0 0 -1
1010 2 810 566 59 34 0 0 -1
1011 1 978 317 79 36 0 0 -1
1011 2 810 569 60 39 0 0 -1
1012 1 978 317 79 36 0 0 -1
1012 2 810 574 64 40 0 0 -1
1013 1 978 317 79 36 0 0 -1
1013 2 809 572 65 40 0 0 -1
1014 1 978 317 79 36 0 0 -1
1014 2 814 572 59 45 0 0 -1
1015 1 978 322 79 36 0 0 -1
1015 2 811 572 58 45 0 0 -1
1016 1 978 322 79 36 0 0 -1
1016 2 809 573 61 46 0 0 -1
1017 1 978 332 79 36 0 0 -1
1017 2 810 573 55 51 0 0 -1
1018 1 978 342 79 36 0 0 -1
1018 2 805 572 60 55 0 0 -1
1019 1 978 352 79 36 0 0 -1
1019 2 803 572 58 52 0 0 -1
1020 1 973 362 79 36 0 0 -1
1020 2 793 577 61 48 0 0 -1
1021 1 973 367 79 36 0 0 -1
1021 2 790 574 59 50 0 0 -1
1022 1 973 367 79 36 0 0 -1
1022 2 785 574 59 51 0 0 -1
1023 1 973 367 79 36 0 0 -1
1023 2 772 576 67 47 0 0 -1
1024 1 973 372 79 36 0 0 -1
1024 2 763 577 63 44 0 0 -1
1025 1 963 377 79 36 0 0 -1
1025 2 756 578 59 42 0 0 -1
1026 1 963 387 79 36 0 0 -1
1026 2 743 581 60 40 0 0 -1
1027 1 963 397 79 36 0 0 -1
1027 2 737 580 56 40 0 0 -1
1028 1 963 397 79 36 0 0 -1
1028 2 725 576 58 43 0 0 -1
1029 1 963 412 79 36 0 0 -1
1029 2 708 576 64 47 0 0 -1
1030 1 953 427 79 36 0 0 -1
1030 2 696 574 64 49 0 0 -1
1031 1 953 437 79 36 0 0 -1
1031 2 688 574 61 43 0 0 -1
1032 1 948 442 79 36 0 0 -1
1032 2 677 572 62 40 0 0 -1
1033 1 943 447 79 36 0 0 -1
1033 2 662 572 59 40 0 0 -1
1034 1 943 447 79 36 0 0 -1
1034 2 656 576 55 36 0 0 -1
1035 1 943 447 79 36 0 0 -1
1035 2 647 574 48 37 0 0 -1
1036 1 943 452 79 36 0 0 -1
1036 2 628 570 59 42 0 0 -1
1037 1 943 452 79 36 0 0 -1
1037 2 607 573 60 36 0 0 -1
1038 1 943 457 79 36 0 0 -1
1038 2 599 572 54 36 0 0 -1
1039 1 943 457 79 36 0 0 -1
1039 2 586 572 55 36 0 0 -1
1040 1 943 457 79 36 0 0 -1
1040 2 567 578 72 32 0 0 -1
1041 1 943 457 79 36 0 0 -1
1041 2 556 569 59 39 0 0 -1
1042 1 943 457 79 36 0 0 -1
1042 2 541 570 57 38 0 0 -1
1043 1 943 457 79 36 0 0 -1
1043 2 525 568 57 38 0 0 -1
1044 1 943 462 79 36 0 0 -1
1044 2 504 572 69 35 0 0 -1
1045 1 943 462 79 36 0 0 -1
1045 2 491 576 60 31 0 0 -1
1046 1 943 462 79 36 0 0 -1
1046 2 474 576 60 28 0 0 -1
1047 1 943 462 79 36 0 0 -1
1047 2 461 573 56 33 0 0 -1
1048 1 948 462 79 36 0 0 -1
1048 2 443 578 65 29 0 0 -1
1049 1 948 462 79 36 0 0 -1
1049 2 432 581 65 30 0 0 -1
1050 1 948 467 79 36 0 0 -1
1050 2 415 572 51 35 0 0 -1
