1 1 929 559 243 142 0 0 -1
1 2 1190 832 65 35 0 0 -1
2 1 932 556 243 147 0 0 -1
2 2 1187 832 69 37 0 0 -1
3 1 927 558 242 146 0 0 -1
3 2 1187 833 66 34 0 0 -1
4 1 926 559 241 141 0 0 -1
4 2 1188 832 63 38 0 0 -1
5 1 921 561 239 140 0 0 -1
5 2 1183 835 68 36 0 0 -1
6 1 924 558 230 140 0 0 -1
6 2 1180 833 71 38 0 0 -1
7 1 916 560 230 140 0 0 -1
7 2 1179 833 70 39 0 0 -1
8 1 918 560 230 140 0 0 -1
8 2 1177 838 71 37 0 0 -1
9 1 910 560 230 140 0 0 -1
9 2 1176 837 73 42 0 0 -1
10 1 906 562 230 133 0 0 -1
10 2 1175 840 72 38 0 0 -1
11 1 905 558 225 133 0 0 -1
11 2 1176 837 72 35 0 0 -1
12 1 899 558 224 133 0 0 -1
12 2 1176 837 72 39 0 0 -1
13 1 896 558 218 127 0 0 -1
13 2 1167 837 78 42 0 0 -1
14 1 896 561 222 125 0 0 -1
14 2 1171 838 73 40 0 0 -1
15 1 890 561 222 125 0 0 -1
15 2 1170 842 69 37 0 0 -1
16 1 888 559 216 125 0 0 -1
16 2 1170 838 71 40 0 0 -1
17 1 886 552 216 125 0 0 -1
17 2 1168 841 72 39 0 0 -1
18 1 886 554 211 122 0 0 -1
18 2 1169 842 67 41 0 0 -1
19 1 886 552 211 122 0 0 -1
19 2 1163 842 73 42 0 0 -1
20 1 881 551 211 122 0 0 -1
20 2 1164 844 71 36 0 0 -1
21 1 881 549 211 120 0 0 -1
21 2 1162 846 70 38 0 0 -1
22 1 881 549 211 120 0 0 -1
22 2 1153 845 75 38 0 0 -1
23 1 885 544 207 122 0 0 -1
23 2 1153 842 73 42 0 0 -1
24 1 891 544 201 116 0 0 -1
24 2 1149 844 78 42 0 0 -1
25 1 897 544 200 116 0 0 -1
25 2 1141 846 82 41 0 0 -1
26 1 897 544 200 116 0 0 -1
26 2 1138 846 80 42 0 0 -1
27 1 902 544 200 116 0 0 -1
27 2 1137 849 78 42 0 0 -1
28 1 907 544 200 116 0 0 -1
28 2 1141 846 70 43 0 0 -1
29 1 912 539 200 116 0 0 -1
29 2 1133 849 74 39 0 0 -1
30 1 922 539 196 116 0 0 -1
30 2 1139 849 63 40 0 0 -1
31 1 927 539 196 116 0 0 -1
31 2 1132 848 70 47 0 0 -1
32 1 927 539 196 116 0 0 -1
32 2 1126 849 74 43 0 0 -1
33 1 937 539 191 110 0 0 -1
33 2 1121 845 80 51 0 0 -1
34 1 942 539 191 110 0 0 -1
34 2 1115 845 86 48 0 0 -1
35 1 942 539 191 110 0 0 -1
35 2 1113 845 83 52 0 0 -1
36 1 947 544 191 105 0 0 -1
36 2 1111 845 87 54 0 0 -1
37 1 947 549 191 105 0 0 -1
37 2 1105 848 84 51 0 0 -1
38 1 950 549 183 105 0 0 -1
38 2 1096 848 96 55 0 0 -1
39 1 950 555 183 99 0 0 -1
39 2 1096 849 97 55 0 0 -1
40 1 950 560 183 102 0 0 -1
40 2 1094 853 86 53 0 0 -1
41 1 950 560 183 99 0 0 -1
41 2 1091 856 85 45 0 0 -1
42 1 950 565 181 99 0 0 -1
42 2 1085 855 90 44 0 0 -1
43 1 950 570 181 99 0 0 -1
43 2 1078 857 95 44 0 0 -1
44 1 950 570 181 99 0 0 -1
44 2 1079 861 88 43 0 0 -1
45 1 950 575 181 99 0 0 -1
45 2 1074 861 94 45 0 0 -1
46 1 945 575 181 99 0 0 -1
46 2 1071 857 92 47 0 0 -1
47 1 940 580 181 99 0 0 -1
47 2 1066 858 94 45 0 0 -1
48 1 940 585 181 99 0 0 -1
48 2 1064 857 94 47 0 0 -1
49 1 940 585 181 99 0 0 -1
49 2 1058 858 92 46 0 0 -1
50 1 940 585 181 99 0 0 -1
50 2 1054 858 95 51 0 0 -1
51 1 940 585 181 99 0 0 -1
51 2 1056 860 87 49 0 0 -1
52 1 940 585 181 99 0 0 -1
52 2 1053 861 88 46 0 0 -1
53 1 940 580 181 99 0 0 -1
53 2 1046 856 93 53 0 0 -1
54 1 940 580 181 99 0 0 -1
54 2 1041 855 97 55 0 0 -1
55 1 940 580 181 99 0 0 -1
55 2 1033 856 103 49 0 0 -1
56 1 940 580 181 99 0 0 -1
56 2 1029 856 102 51 0 0 -1
57 1 935 580 181 99 0 0 -1
57 2 1029 851 97 59 0 0 -1
58 1 935 575 181 99 0 0 -1
58 2 1023 856 98 51 0 0 -1
59 1 930 570 181 99 0 0 -1
59 2 1021 853 96 54 0 0 -1
60 1 930 570 181 99 0 0 -1
60 2 1018 855 93 45 0 0 -1
61 1 926 565 185 99 0 0 -1
61 2 1013 851 98 51 0 0 -1
62 1 926 565 185 99 0 0 -1
62 2 1006 843 96 55 0 0 -1
63 1 921 557 190 107 0 0 -1
63 2 999 843 107 54 0 0 -1
64 1 916 552 190 107 0 0 -1
64 2 997 839 105 54 0 0 -1
65 1 911 547 190 107 0 0 -1
65 2 996 838 94 50 0 0 -1
66 1 896 542 190 107 0 0 -1
66 2 992 833 102 50 0 0 -1
67 1 886 537 190 107 0 0 -1
67 2 984 826 97 49 0 0 -1
68 1 881 537 195 107 0 0 -1
68 2 994 826 88 45 0 0 -1
69 1 871 532 195 107 0 0 -1
69 2 993 819 82 52 0 0 -1
70 1 856 532 195 107 0 0 -1
70 2 987 816 80 44 0 0 -1
71 1 846 527 195 107 0 0 -1
71 2 974 806 88 47 0 0 -1
72 1 825 522 206 107 0 0 -1
72 2 964 794 94 52 0 0 -1
73 1 815 517 206 107 0 0 -1
73 2 970 792 85 47 0 0 -1
74 1 815 517 206 107 0 0 -1
74 2 967 787 89 47 0 0 -1
75 1 799 505 217 114 0 0 -1
75 2 952 777 97 54 0 0 -1
76 1 789 500 217 114 0 0 -1
76 2 943 775 102 46 0 0 -1
77 1 779 484 217 125 0 0 -1
77 2 940 773 106 53 0 0 -1
78 1 774 479 217 125 0 0 -1
78 2 936 760 110 47 0 0 -1
79 1 764 484 217 125 0 0 -1
79 2 933 762 108 50 0 0 -1
80 1 764 484 217 125 0 0 -1
80 2 928 758 106 48 0 0 -1
81 1 756 504 220 125 0 0 -1
81 2 923 750 112 49 0 0 -1
82 1 751 514 220 125 0 0 -1
82 2 925 745 108 54 0 0 -1
83 1 732 519 239 134 0 0 -1
83 2 925 743 101 51 0 0 -1
84 1 727 519 239 134 0 0 -1
84 2 918 738 94 59 0 0 -1
85 1 729 519 242 134 0 0 -1
85 2 916 743 95 47 0 0 -1
86 1 729 519 242 134 0 0 -1
86 2 913 741 96 48 0 0 -1
87 1 739 529 242 134 0 0 -1
87 2 911 743 96 44 0 0 -1
88 1 749 534 248 139 0 0 -1
88 2 909 738 97 47 0 0 -1
89 1 759 539 261 139 0 0 -1
89 2 901 740 96 44 0 0 -1
90 1 774 579 273 154 0 0 -1
90 2 904 738 92 42 0 0 -1
91 1 779 664 273 154 0 0 -1
91 2 894 739 95 45 0 0 -1
92 1 779 664 273 154 0 0 -1
92 2 898 733 84 49 0 0 -1
93 1 799 683 258 145 0 0 -1
93 2 886 729 94 53 0 0 -1
94 1 804 688 266 145 0 0 -1
94 2 884 728 83 56 0 0 -1
95 1 814 693 280 150 0 0 -1
95 2 877 728 92 54 0 0 -1
96 1 829 698 280 150 0 0 -1
96 2 876 729 84 49 0 0 -1
97 1 839 703 280 150 0 0 -1
97 2 867 728 90 52 0 0 -1
98 1 839 703 280 150 0 0 -1
98 2 871 728 79 52 0 0 -1
99 1 854 701 280 157 0 0 -1
99 2 860 728 93 52 0 0 -1
100 1 869 706 280 157 0 0 -1
100 2 860 726 87 56 0 0 -1
101 1 874 706 280 157 0 0 -1
101 2 854 729 84 53 0 0 -1
102 1 889 706 280 157 0 0 -1
102 2 850 726 90 58 0 0 -1
103 1 904 706 280 157 0 0 -1
103 2 849 728 82 56 0 0 -1
104 1 904 706 280 157 0 0 -1
104 2 844 726 89 52 0 0 -1
105 1 919 706 280 157 0 0 -1
105 2 835 728 93 47 0 0 -1
106 1 924 702 280 151 0 0 -1
106 2 828 726 90 51 0 0 -1
107 1 929 702 280 151 0 0 -1
107 2 820 723 96 50 0 0 -1
108 1 944 698 273 149 0 0 -1
108 2 816 724 93 51 0 0 -1
109 1 959 691 273 156 0 0 -1
109 2 813 723 91 50 0 0 -1
110 1 959 693 273 149 0 0 -1
110 2 811 726 82 44 0 0 -1
111 1 969 688 273 149 0 0 -1
111 2 795 721 101 49 0 0 -1
112 1 974 688 273 149 0 0 -1
112 2 791 723 96 45 0 0 -1
113 1 979 693 273 149 0 0 -1
113 2 789 718 93 50 0 0 -1
114 1 989 691 267 146 0 0 -1
114 2 779 719 105 46 0 0 -1
115 1 1004 691 262 142 0 0 -1
115 2 776 716 105 47 0 0 -1
116 1 1004 691 262 142 0 0 -1
116 2 773 711 87 57 0 0 -1
117 1 1014 691 262 142 0 0 -1
117 2 764 718 88 44 0 0 -1
118 1 1019 691 262 142 0 0 -1
118 2 757 713 85 45 0 0 -1
119 1 1026 696 255 137 0 0 -1
119 2 739 706 108 59 0 0 -1
120 1 1031 696 255 137 0 0 -1
120 2 739 704 105 59 0 0 -1
121 1 1036 696 255 137 0 0 -1
121 2 730 702 110 61 0 0 -1
122 1 1036 696 255 137 0 0 -1
122 2 724 701 120 61 0 0 -1
123 1 1041 696 255 137 0 0 -1
123 2 713 697 119 66 0 0 -1
124 1 1051 701 245 137 0 0 -1
124 2 708 694 115 66 0 0 -1
125 1 1066 696 245 137 0 0 -1
125 2 696 689 119 73 0 0 -1
126 1 1081 696 245 137 0 0 -1
126 2 693 687 117 75 0 0 -1
127 1 1085 699 245 137 0 0 -1
127 2 695 687 115 76 0 0 -1
128 1 1085 699 245 137 0 0 -1
128 2 691 687 115 73 0 0 -1
129 1 1085 699 245 137 0 0 -1
129 2 683 684 113 76 0 0 -1
130 1 1090 694 245 137 0 0 -1
130 2 681 684 108 72 0 0 -1
131 1 1095 684 245 137 0 0 -1
131 2 680 686 101 74 0 0 -1
132 1 1095 645 244 131 0 0 -1
132 2 676 684 100 76 0 0 -1
133 1 1095 595 244 131 0 0 -1
133 2 669 684 104 76 0 0 -1
134 1 1095 600 244 128 0 0 -1
134 2 668 682 106 80 0 0 -1
135 1 1095 545 244 128 0 0 -1
135 2 664 682 107 81 0 0 -1
136 1 1095 490 244 128 0 0 -1
136 2 666 684 103 79 0 0 -1
137 1 1100 450 232 128 0 0 -1
137 2 669 682 102 78 0 0 -1
138 1 1085 425 232 128 0 0 -1
138 2 664 680 110 83 0 0 -1
139 1 1060 405 232 128 0 0 -1
139 2 666 686 100 74 0 0 -1
140 1 1066 405 226 128 0 0 -1
140 2 664 689 107 73 0 0 -1
141 1 1026 380 226 128 0 0 -1
141 2 669 687 98 75 0 0 -1
142 1 990 357 226 128 0 0 -1
142 2 671 686 105 79 0 0 -1
143 1 939 348 222 127 0 0 -1
143 2 671 694 100 71 0 0 -1
144 1 885 344 222 127 0 0 -1
144 2 676 694 98 71 0 0 -1
145 1 835 341 222 127 0 0 -1
145 2 676 694 108 73 0 0 -1
146 1 837 345 222 125 0 0 -1
146 2 676 696 103 69 0 0 -1
147 1 793 347 222 125 0 0 -1
147 2 680 697 101 71 0 0 -1
148 1 748 373 222 125 0 0 -1
148 2 685 697 103 70 0 0 -1
149 1 715 401 222 125 0 0 -1
149 2 686 699 98 73 0 0 -1
150 1 696 423 216 125 0 0 -1
150 2 695 701 101 67 0 0 -1
151 1 673 443 213 125 0 0 -1
151 2 707 713 86 55 0 0 -1
152 1 673 443 213 125 0 0 -1
152 2 708 706 90 64 0 0 -1
153 1 657 475 213 125 0 0 -1
153 2 703 707 97 65 0 0 -1
154 1 644 503 213 120 0 0 -1
154 2 705 709 108 64 0 0 -1
155 1 634 523 213 120 0 0 -1
155 2 710 716 106 59 0 0 -1
156 1 624 533 213 120 0 0 -1
156 2 717 714 103 63 0 0 -1
157 1 619 548 213 120 0 0 -1
157 2 724 714 101 61 0 0 -1
158 1 619 558 213 120 0 0 -1
158 2 725 716 102 62 0 0 -1
159 1 619 558 213 120 0 0 -1
159 2 727 719 103 63 0 0 -1
160 1 644 563 213 120 0 0 -1
160 2 729 721 104 63 0 0 -1
161 1 679 563 213 120 0 0 -1
161 2 732 724 101 58 0 0 -1
162 1 714 558 213 120 0 0 -1
162 2 735 724 105 58 0 0 -1
163 1 749 558 213 120 0 0 -1
163 2 742 731 95 53 0 0 -1
164 1 779 558 213 120 0 0 -1
164 2 749 729 95 58 0 0 -1
165 1 783 558 204 120 0 0 -1
165 2 754 731 95 59 0 0 -1
166 1 799 558 213 120 0 0 -1
166 2 757 736 93 58 0 0 -1
167 1 828 558 204 120 0 0 -1
167 2 761 735 93 57 0 0 -1
168 1 843 558 204 120 0 0 -1
168 2 766 736 93 59 0 0 -1
169 1 853 558 204 120 0 0 -1
169 2 771 738 89 56 0 0 -1
170 1 863 558 199 103 0 0 -1
170 2 774 743 100 59 0 0 -1
171 1 863 558 196 103 0 0 -1
171 2 779 746 92 56 0 0 -1
172 1 868 558 196 103 0 0 -1
172 2 788 746 88 61 0 0 -1
173 1 863 558 197 101 0 0 -1
173 2 793 750 83 59 0 0 -1
174 1 866 558 192 97 0 0 -1
174 2 793 755 86 54 0 0 -1
175 1 866 553 185 100 0 0 -1
175 2 801 756 83 56 0 0 -1
176 1 861 553 185 94 0 0 -1
176 2 806 758 87 54 0 0 -1
177 1 861 553 185 91 0 0 -1
177 2 808 763 90 54 0 0 -1
178 1 850 543 183 97 0 0 -1
178 2 815 767 89 49 0 0 -1
179 1 842 541 183 88 0 0 -1
179 2 820 773 84 46 0 0 -1
180 1 837 541 183 88 0 0 -1
180 2 827 777 81 49 0 0 -1
181 1 827 536 183 88 0 0 -1
181 2 828 784 85 40 0 0 -1
182 1 822 531 178 88 0 0 -1
182 2 837 784 84 45 0 0 -1
183 1 822 531 178 88 0 0 -1
183 2 840 789 85 40 0 0 -1
184 1 807 531 178 88 0 0 -1
184 2 844 789 81 45 0 0 -1
185 1 797 526 178 88 0 0 -1
185 2 854 790 72 44 0 0 -1
186 1 787 521 178 88 0 0 -1
186 2 857 792 74 47 0 0 -1
187 1 777 516 178 88 0 0 -1
187 2 862 794 74 47 0 0 -1
188 1 767 506 178 88 0 0 -1
188 2 867 795 75 51 0 0 -1
189 1 767 511 178 88 0 0 -1
189 2 869 797 74 49 0 0 -1
190 1 762 511 178 88 0 0 -1
190 2 867 804 83 47 0 0 -1
191 1 762 511 178 88 0 0 -1
191 2 876 802 72 47 0 0 -1
192 1 757 516 178 88 0 0 -1
192 2 876 807 79 44 0 0 -1
193 1 752 541 178 88 0 0 -1
193 2 877 812 81 43 0 0 -1
194 1 762 551 178 88 0 0 -1
194 2 874 816 81 44 0 0 -1
195 1 762 551 178 88 0 0 -1
195 2 879 821 78 37 0 0 -1
196 1 777 566 178 88 0 0 -1
196 2 884 822 74 41 0 0 -1
197 1 792 581 178 88 0 0 -1
197 2 882 826 75 39 0 0 -1
198 1 807 591 178 88 0 0 -1
198 2 887 830 73 30 0 0 -1
199 1 832 601 178 88 0 0 -1
199 2 889 833 75 35 0 0 -1
200 1 842 606 178 88 0 0 -1
200 2 887 833 77 37 0 0 -1
201 1 847 606 173 88 0 0 -1
201 2 894 833 66 42 0 0 -1
202 1 852 606 173 88 0 0 -1
202 2 894 831 71 42 0 0 -1
203 1 867 606 173 88 0 0 -1
203 2 898 834 69 42 0 0 -1
204 1 877 606 173 88 0 0 -1
204 2 898 836 69 39 0 0 -1
205 1 887 606 173 88 0 0 -1
205 2 903 838 74 42 0 0 -1
206 1 897 606 173 88 0 0 -1
206 2 901 839 73 41 0 0 -1
207 1 897 606 173 88 0 0 -1
207 2 903 841 71 39 0 0 -1
208 1 897 596 173 88 0 0 -1
208 2 906 844 71 38 0 0 -1
209 1 902 601 173 88 0 0 -1
209 2 906 844 71 41 0 0 -1
210 1 907 601 173 88 0 0 -1
210 2 911 844 71 38 0 0 -1
211 1 902 591 173 88 0 0 -1
211 2 911 846 73 42 0 0 -1
212 1 902 587 173 92 0 0 -1
212 2 913 851 71 37 0 0 -1
213 1 902 587 173 92 0 0 -1
213 2 915 851 72 36 0 0 -1
214 1 902 582 173 92 0 0 -1
214 2 920 848 66 39 0 0 -1
215 1 902 582 173 92 0 0 -1
215 2 915 851 77 37 0 0 -1
216 1 892 572 173 92 0 0 -1
216 2 920 849 72 41 0 0 -1
217 1 892 562 173 92 0 0 -1
217 2 920 851 74 42 0 0 -1
218 1 887 562 173 92 0 0 -1
218 2 921 853 75 40 0 0 -1
219 1 887 562 173 92 0 0 -1
219 2 921 853 76 42 0 0 -1
220 1 882 562 173 92 0 0 -1
220 2 925 853 77 39 0 0 -1
221 1 882 562 173 92 0 0 -1
221 2 926 855 70 38 0 0 -1
222 1 877 567 173 92 0 0 -1
222 2 926 849 76 43 0 0 -1
223 1 867 572 173 92 0 0 -1
223 2 930 853 76 40 0 0 -1
224 1 862 572 173 92 0 0 -1
224 2 931 851 73 42 0 0 -1
225 1 862 572 173 92 0 0 -1
225 2 935 855 72 35 0 0 -1
226 1 862 577 173 92 0 0 -1
226 2 938 848 66 40 0 0 -1
227 1 857 577 173 92 0 0 -1
227 2 942 846 64 37 0 0 -1
228 1 852 577 173 92 0 0 -1
228 2 942 839 69 39 0 0 -1
229 1 842 577 173 92 0 0 -1
229 2 943 836 71 40 0 0 -1
230 1 842 577 173 92 0 0 -1
230 2 948 836 66 37 0 0 -1
231 1 842 577 173 92 0 0 -1
231 2 947 831 66 39 0 0 -1
232 1 832 582 173 92 0 0 -1
232 2 947 826 67 40 0 0 -1
233 1 822 582 173 92 0 0 -1
233 2 950 821 68 42 0 0 -1
234 1 817 582 173 92 0 0 -1
234 2 952 819 62 37 0 0 -1
235 1 807 582 173 92 0 0 -1
235 2 953 814 68 37 0 0 -1
236 1 802 577 173 92 0 0 -1
236 2 953 807 66 39 0 0 -1
237 1 797 577 173 92 0 0 -1
237 2 958 802 68 41 0 0 -1
238 1 792 577 173 92 0 0 -1
238 2 957 799 67 39 0 0 -1
239 1 797 577 173 92 0 0 -1
239 2 962 794 69 37 0 0 -1
240 1 802 577 173 92 0 0 -1
240 2 964 792 71 39 0 0 -1
241 1 791 577 179 92 0 0 -1
241 2 965 790 70 36 0 0 -1
242 1 786 572 179 92 0 0 -1
242 2 967 782 64 39 0 0 -1
243 1 786 572 179 92 0 0 -1
243 2 972 777 64 40 0 0 -1
244 1 791 567 179 92 0 0 -1
244 2 970 772 63 37 0 0 -1
245 1 791 557 179 92 0 0 -1
245 2 970 768 68 32 0 0 -1
246 1 791 552 179 92 0 0 -1
246 2 974 762 64 35 0 0 -1
247 1 791 547 179 92 0 0 -1
247 2 975 755 63 40 0 0 -1
248 1 791 547 179 92 0 0 -1
248 2 979 753 64 37 0 0 -1
249 1 791 542 179 92 0 0 -1
249 2 977 748 68 36 0 0 -1
250 1 791 542 179 92 0 0 -1
250 2 982 743 63 37 0 0 -1
251 1 791 537 179 92 0 0 -1
251 2 982 741 69 31 0 0 -1
252 1 791 537 179 92 0 0 -1
252 2 984 736 71 36 0 0 -1
253 1 791 537 179 92 0 0 -1
253 2 984 731 69 39 0 0 -1
254 1 786 537 179 92 0 0 -1
254 2 987 731 61 31 0 0 -1
255 1 791 537 179 92 0 0 -1
255 2 989 726 59 32 0 0 -1
256 1 791 537 179 92 0 0 -1
256 2 991 721 62 35 0 0 -1
257 1 785 537 185 92 0 0 -1
257 2 991 718 60 35 0 0 -1
258 1 780 537 185 92 0 0 -1
258 2 994 716 61 35 0 0 -1
259 1 775 537 185 92 0 0 -1
259 2 994 716 62 30 0 0 -1
260 1 785 547 185 92 0 0 -1
260 2 996 711 55 30 0 0 -1
261 1 785 547 185 92 0 0 -1
261 2 994 709 59 39 0 0 -1
262 1 780 557 185 92 0 0 -1
262 2 994 702 62 39 0 0 -1
263 1 775 557 185 92 0 0 -1
263 2 999 701 57 37 0 0 -1
264 1 785 557 185 92 0 0 -1
264 2 999 701 56 34 0 0 -1
265 1 810 572 185 92 0 0 -1
265 2 996 702 60 34 0 0 -1
266 1 810 577 185 92 0 0 -1
266 2 1001 696 57 33 0 0 -1
267 1 810 577 185 92 0 0 -1
267 2 1002 696 56 35 0 0 -1
268 1 810 583 185 86 0 0 -1
268 2 1002 696 58 32 0 0 -1
269 1 825 593 185 86 0 0 -1
269 2 1002 696 58 35 0 0 -1
270 1 825 593 185 86 0 0 -1
270 2 1004 694 58 30 0 0 -1
271 1 825 593 185 86 0 0 -1
271 2 1002 694 61 34 0 0 -1
272 1 820 583 185 86 0 0 -1
272 2 999 691 64 33 0 0 -1
273 1 820 583 185 86 0 0 -1
273 2 999 691 66 33 0 0 -1
274 1 820 583 185 86 0 0 -1
274 2 1002 687 63 37 0 0 -1
275 1 820 583 185 86 0 0 -1
275 2 1002 689 56 34 0 0 -1
276 1 810 578 185 86 0 0 -1
276 2 1001 692 62 32 0 0 -1
277 1 795 573 185 86 0 0 -1
277 2 1001 687 59 32 0 0 -1
278 1 790 573 185 86 0 0 -1
278 2 1002 684 61 35 0 0 -1
279 1 790 573 185 86 0 0 -1
279 2 1007 686 49 35 0 0 -1
280 1 780 563 185 86 0 0 -1
280 2 1004 686 61 32 0 0 -1
281 1 770 558 185 86 0 0 -1
281 2 1002 689 63 30 0 0 -1
282 1 755 553 185 86 0 0 -1
282 2 1002 684 66 35 0 0 -1
283 1 745 543 185 86 0 0 -1
283 2 1002 682 61 36 0 0 -1
284 1 740 538 185 86 0 0 -1
284 2 1001 682 66 37 0 0 -1
285 1 735 538 185 86 0 0 -1
285 2 1004 680 59 44 0 0 -1
286 1 730 533 185 81 0 0 -1
286 2 1004 682 61 34 0 0 -1
287 1 725 528 185 81 0 0 -1
287 2 1002 679 68 39 0 0 -1
288 1 715 523 185 81 0 0 -1
288 2 999 677 73 41 0 0 -1
289 1 710 523 179 81 0 0 -1
289 2 999 677 68 41 0 0 -1
290 1 705 528 179 81 0 0 -1
290 2 999 677 76 39 0 0 -1
291 1 705 528 179 81 0 0 -1
291 2 997 677 70 46 0 0 -1
292 1 710 528 179 81 0 0 -1
292 2 999 675 64 41 0 0 -1
293 1 720 533 179 81 0 0 -1
293 2 997 674 68 40 0 0 -1
294 1 735 533 179 81 0 0 -1
294 2 997 672 59 41 0 0 -1
295 1 755 538 179 75 0 0 -1
295 2 996 670 64 41 0 0 -1
296 1 770 543 179 75 0 0 -1
296 2 994 669 66 44 0 0 -1
297 1 770 543 179 75 0 0 -1
297 2 987 670 75 37 0 0 -1
298 1 800 548 179 75 0 0 -1
298 2 987 667 71 40 0 0 -1
299 1 830 553 179 75 0 0 -1
299 2 991 667 62 37 0 0 -1
300 1 850 553 179 75 0 0 -1
300 2 986 669 64 37 0 0 -1
301 1 890 568 179 75 0 0 -1
301 2 986 669 67 37 0 0 -1
302 1 915 568 179 75 0 0 -1
302 2 982 667 64 34 0 0 -1
303 1 915 568 179 75 0 0 -1
303 2 986 664 57 32 0 0 -1
304 1 935 568 179 75 0 0 -1
304 2 974 664 69 35 0 0 -1
305 1 950 568 179 75 0 0 -1
305 2 975 664 70 35 0 0 -1
306 1 965 573 179 75 0 0 -1
306 2 967 662 78 35 0 0 -1
307 1 985 573 179 75 0 0 -1
307 2 972 660 64 37 0 0 -1
308 1 1000 573 175 75 0 0 -1
308 2 967 662 62 32 0 0 -1
309 1 1000 573 175 75 0 0 -1
309 2 967 658 68 34 0 0 -1
310 1 1010 573 175 75 0 0 -1
310 2 964 658 67 31 0 0 -1
311 1 1010 573 175 75 0 0 -1
311 2 962 653 62 36 0 0 -1
312 1 1010 573 175 75 0 0 -1
312 2 957 653 69 38 0 0 -1
313 1 1010 573 175 75 0 0 -1
313 2 960 653 61 38 0 0 -1
314 1 1010 573 175 75 0 0 -1
314 2 948 652 61 34 0 0 -1
315 1 1010 573 175 75 0 0 -1
315 2 947 650 67 37 0 0 -1
316 1 1005 573 175 75 0 0 -1
316 2 948 650 59 37 0 0 -1
317 1 995 573 175 75 0 0 -1
317 2 938 645 71 42 0 0 -1
318 1 990 573 175 75 0 0 -1
318 2 933 645 68 35 0 0 -1
319 1 985 573 175 75 0 0 -1
319 2 931 643 73 39 0 0 -1
320 1 970 573 175 75 0 0 -1
320 2 933 647 69 35 0 0 -1
321 1 965 573 175 75 0 0 -1
321 2 930 643 66 37 0 0 -1
322 1 970 573 165 75 0 0 -1
322 2 918 640 74 40 0 0 -1
323 1 960 583 165 75 0 0 -1
323 2 916 642 73 37 0 0 -1
324 1 950 593 165 75 0 0 -1
324 2 916 638 68 39 0 0 -1
325 1 940 603 165 75 0 0 -1
325 2 913 638 69 39 0 0 -1
326 1 930 618 165 75 0 0 -1
326 2 904 636 68 39 0 0 -1
327 1 920 623 165 75 0 0 -1
327 2 903 638 72 39 0 0 -1
328 1 920 623 165 75 0 0 -1
328 2 903 636 66 41 0 0 -1
329 1 910 623 165 75 0 0 -1
329 2 893 635 71 42 0 0 -1
330 1 900 623 165 75 0 0 -1
330 2 889 636 73 43 0 0 -1
331 1 890 623 165 75 0 0 -1
331 2 887 631 70 48 0 0 -1
332 1 885 623 165 75 0 0 -1
332 2 884 635 69 44 0 0 -1
333 1 880 623 165 75 0 0 -1
333 2 876 631 76 44 0 0 -1
334 1 880 623 165 75 0 0 -1
334 2 872 633 78 42 0 0 -1
335 1 870 623 165 75 0 0 -1
335 2 869 631 81 43 0 0 -1
336 1 865 623 165 75 0 0 -1
336 2 864 628 78 49 0 0 -1
337 1 860 623 165 75 0 0 -1
337 2 866 631 67 38 0 0 -1
338 1 855 623 165 75 0 0 -1
338 2 859 630 67 42 0 0 -1
339 1 850 618 165 75 0 0 -1
339 2 855 633 76 37 0 0 -1
340 1 850 618 165 75 0 0 -1
340 2 852 631 71 38 0 0 -1
341 1 845 613 165 75 0 0 -1
341 2 849 633 71 32 0 0 -1
342 1 840 613 165 70 0 0 -1
342 2 845 628 71 41 0 0 -1
343 1 835 613 165 70 0 0 -1
343 2 842 631 67 38 0 0 -1
344 1 836 603 159 70 0 0 -1
344 2 838 630 68 37 0 0 -1
345 1 836 603 159 70 0 0 -1
345 2 830 630 73 39 0 0 -1
346 1 836 603 159 70 0 0 -1
346 2 830 626 66 39 0 0 -1
347 1 836 603 159 70 0 0 -1
347 2 825 626 73 43 0 0 -1
348 1 831 603 159 70 0 0 -1
348 2 820 628 74 39 0 0 -1
349 1 831 603 159 70 0 0 -1
349 2 818 625 69 40 0 0 -1
350 1 826 603 159 70 0 0 -1
350 2 814 628 70 33 0 0 -1
351 1 826 603 159 70 0 0 -1
351 2 806 626 78 39 0 0 -1
352 1 826 603 159 70 0 0 -1
352 2 800 623 72 47 0 0 -1
353 1 826 603 159 70 0 0 -1
353 2 796 623 75 41 0 0 -1
354 1 826 603 159 67 0 0 -1
354 2 793 625 79 39 0 0 -1
355 1 821 603 159 67 0 0 -1
355 2 793 621 73 44 0 0 -1
356 1 826 603 159 67 0 0 -1
356 2 788 624 72 38 0 0 -1
357 1 826 603 159 67 0 0 -1
357 2 788 626 74 36 0 0 -1
358 1 826 603 159 67 0 0 -1
358 2 788 621 62 41 0 0 -1
359 1 831 603 154 67 0 0 -1
359 2 784 623 68 37 0 0 -1
360 1 831 603 154 67 0 0 -1
360 2 781 625 71 39 0 0 -1
361 1 831 598 154 67 0 0 -1
361 2 776 625 74 39 0 0 -1
362 1 831 598 154 67 0 0 -1
362 2 776 625 68 37 0 0 -1
363 1 831 598 162 67 0 0 -1
363 2 766 623 78 41 0 0 -1
364 1 831 598 162 67 0 0 -1
364 2 757 615 81 49 0 0 -1
365 1 836 598 162 67 0 0 -1
365 2 751 613 86 52 0 0 -1
366 1 847 598 156 67 0 0 -1
366 2 749 613 83 52 0 0 -1
367 1 848 598 153 67 0 0 -1
367 2 749 606 88 56 0 0 -1
368 1 853 598 153 67 0 0 -1
368 2 749 608 79 54 0 0 -1
369 1 853 598 153 67 0 0 -1
369 2 749 606 84 61 0 0 -1
370 1 853 598 153 67 0 0 -1
370 2 746 608 77 57 0 0 -1
371 1 848 598 153 67 0 0 -1
371 2 744 603 79 61 0 0 -1
372 1 853 603 153 67 0 0 -1
372 2 740 608 76 57 0 0 -1
373 1 853 603 153 67 0 0 -1
373 2 740 604 85 63 0 0 -1
374 1 853 603 153 67 0 0 -1
374 2 739 609 81 61 0 0 -1
375 1 853 608 153 67 0 0 -1
375 2 740 611 78 58 0 0 -1
376 1 851 608 150 67 0 0 -1
376 2 744 613 74 56 0 0 -1
377 1 851 613 150 67 0 0 -1
377 2 746 613 72 54 0 0 -1
378 1 851 613 150 67 0 0 -1
378 2 746 615 70 52 0 0 -1
379 1 851 618 150 64 0 0 -1
379 2 742 616 80 51 0 0 -1
380 1 851 618 150 64 0 0 -1
380 2 749 620 73 47 0 0 -1
381 1 846 623 150 64 0 0 -1
381 2 751 620 76 49 0 0 -1
382 1 846 623 150 64 0 0 -1
382 2 752 620 71 54 0 0 -1
383 1 846 628 150 64 0 0 -1
383 2 756 620 74 50 0 0 -1
384 1 846 631 150 61 0 0 -1
384 2 762 623 68 49 0 0 -1
385 1 851 634 150 61 0 0 -1
385 2 761 623 69 49 0 0 -1
386 1 851 637 150 58 0 0 -1
386 2 766 621 71 53 0 0 -1
387 1 851 642 150 58 0 0 -1
387 2 767 628 71 51 0 0 -1
388 1 851 642 150 58 0 0 -1
388 2 767 626 73 56 0 0 -1
389 1 856 647 150 62 0 0 -1
389 2 771 631 79 53 0 0 -1
390 1 866 647 150 62 0 0 -1
390 2 778 630 69 49 0 0 -1
391 1 876 652 150 62 0 0 -1
391 2 779 631 65 49 0 0 -1
392 1 886 652 150 62 0 0 -1
392 2 781 635 73 47 0 0 -1
393 1 891 657 150 62 0 0 -1
393 2 781 636 71 46 0 0 -1
394 1 891 657 150 62 0 0 -1
394 2 788 636 67 50 0 0 -1
395 1 896 667 150 62 0 0 -1
395 2 788 636 71 46 0 0 -1
396 1 896 667 150 62 0 0 -1
396 2 795 642 67 44 0 0 -1
397 1 901 672 150 62 0 0 -1
397 2 798 644 66 42 0 0 -1
398 1 906 677 147 62 0 0 -1
398 2 800 647 76 39 0 0 -1
399 1 906 682 147 62 0 0 -1
399 2 805 648 77 39 0 0 -1
400 1 911 681 143 62 0 0 -1
400 2 801 652 80 39 0 0 -1
401 1 911 686 143 62 0 0 -1
401 2 818 655 61 44 0 0 -1
402 1 911 691 143 62 0 0 -1
402 2 813 658 69 34 0 0 -1
403 1 911 691 143 62 0 0 -1
403 2 815 664 74 33 0 0 -1
404 1 906 691 143 62 0 0 -1
404 2 816 664 80 37 0 0 -1
405 1 906 691 143 62 0 0 -1
405 2 823 664 75 37 0 0 -1
406 1 906 691 143 62 0 0 -1
406 2 823 667 76 35 0 0 -1
407 1 906 691 143 62 0 0 -1
407 2 827 670 74 34 0 0 -1
408 1 901 691 143 62 0 0 -1
408 2 832 669 69 37 0 0 -1
409 1 901 691 143 62 0 0 -1
409 2 832 669 77 38 0 0 -1
410 1 901 696 138 62 0 0 -1
410 2 833 669 76 40 0 0 -1
411 1 896 696 138 62 0 0 -1
411 2 837 672 69 41 0 0 -1
412 1 896 696 138 62 0 0 -1
412 2 838 679 77 30 0 0 -1
413 1 896 696 138 62 0 0 -1
413 2 837 677 76 37 0 0 -1
414 1 896 701 138 62 0 0 -1
414 2 844 682 69 34 0 0 -1
415 1 891 706 138 62 0 0 -1
415 2 845 680 70 43 0 0 -1
416 1 891 706 138 62 0 0 -1
416 2 850 687 65 36 0 0 -1
417 1 891 712 138 56 0 0 -1
417 2 847 687 68 34 0 0 -1
418 1 891 712 138 56 0 0 -1
418 2 850 691 68 30 0 0 -1
419 1 891 712 138 56 0 0 -1
419 2 849 692 66 34 0 0 -1
420 1 891 712 138 56 0 0 -1
420 2 855 692 65 32 0 0 -1
421 1 894 712 138 56 0 0 -1
421 2 855 696 66 25 0 0 -1
422 1 896 712 138 56 0 0 -1
422 2 857 697 63 29 0 0 -1
423 1 896 712 138 56 0 0 -1
423 2 857 697 66 29 0 0 -1
424 1 896 712 138 56 0 0 -1
424 2 854 702 66 27 0 0 -1
425 1 896 712 138 56 0 0 -1
425 2 854 696 67 35 0 0 -1
426 1 901 707 138 56 0 0 -1
426 2 855 701 65 32 0 0 -1
427 1 906 697 138 56 0 0 -1
427 2 857 699 63 32 0 0 -1
428 1 911 682 138 56 0 0 -1
428 2 857 702 68 34 0 0 -1
429 1 916 662 138 56 0 0 -1
429 2 859 701 66 37 0 0 -1
430 1 916 662 138 56 0 0 -1
430 2 859 701 67 39 0 0 -1
431 1 921 647 138 56 0 0 -1
431 2 866 701 64 35 0 0 -1
432 1 931 637 138 56 0 0 -1
432 2 854 702 76 36 0 0 -1
433 1 936 622 138 56 0 0 -1
433 2 867 702 63 34 0 0 -1
434 1 941 607 138 56 0 0 -1
434 2 864 704 62 32 0 0 -1
435 1 951 597 138 56 0 0 -1
435 2 866 701 62 34 0 0 -1
436 1 951 597 138 56 0 0 -1
436 2 869 704 62 36 0 0 -1
437 1 956 592 138 56 0 0 -1
437 2 867 704 58 34 0 0 -1
438 1 961 592 138 56 0 0 -1
438 2 864 702 64 38 0 0 -1
439 1 961 587 138 56 0 0 -1
439 2 859 701 66 37 0 0 -1
440 1 965 587 133 56 0 0 -1
440 2 859 704 69 37 0 0 -1
441 1 965 582 133 56 0 0 -1
441 2 864 701 61 40 0 0 -1
442 1 965 582 133 56 0 0 -1
442 2 866 702 60 38 0 0 -1
443 1 965 582 133 56 0 0 -1
443 2 864 701 61 37 0 0 -1
444 1 965 587 133 56 0 0 -1
444 2 860 702 65 38 0 0 -1
445 1 955 592 133 56 0 0 -1
445 2 862 701 59 37 0 0 -1
446 1 945 592 133 56 0 0 -1
446 2 855 702 70 36 0 0 -1
447 1 935 597 133 56 0 0 -1
447 2 860 702 60 31 0 0 -1
448 1 935 597 133 56 0 0 -1
448 2 859 701 59 34 0 0 -1
449 1 925 597 133 56 0 0 -1
449 2 854 699 66 36 0 0 -1
450 1 910 602 133 56 0 0 -1
450 2 849 701 67 34 0 0 -1
451 1 900 602 133 56 0 0 -1
451 2 849 699 62 37 0 0 -1
452 1 885 602 133 56 0 0 -1
452 2 837 699 74 37 0 0 -1
453 1 875 602 133 56 0 0 -1
453 2 838 697 77 34 0 0 -1
454 1 875 602 133 56 0 0 -1
454 2 842 694 64 37 0 0 -1
455 1 862 597 131 56 0 0 -1
455 2 838 699 61 32 0 0 -1
456 1 862 597 131 56 0 0 -1
456 2 845 697 51 32 0 0 -1
457 1 857 597 131 56 0 0 -1
457 2 832 696 62 33 0 0 -1
458 1 852 587 131 56 0 0 -1
458 2 833 694 58 35 0 0 -1
459 1 852 572 131 56 0 0 -1
459 2 825 692 73 31 0 0 -1
460 1 852 572 131 56 0 0 -1
460 2 830 691 61 27 0 0 -1
461 1 847 562 131 53 0 0 -1
461 2 823 691 66 28 0 0 -1
462 1 847 547 131 53 0 0 -1
462 2 827 692 60 32 0 0 -1
463 1 842 542 131 53 0 0 -1
463 2 820 687 67 36 0 0 -1
464 1 842 537 131 53 0 0 -1
464 2 820 687 62 36 0 0 -1
465 1 837 537 131 53 0 0 -1
465 2 811 684 73 35 0 0 -1
466 1 837 537 131 53 0 0 -1
466 2 810 686 62 33 0 0 -1
467 1 832 537 131 53 0 0 -1
467 2 805 682 71 41 0 0 -1
468 1 827 537 131 53 0 0 -1
468 2 805 680 72 36 0 0 -1
469 1 817 537 131 53 0 0 -1
469 2 798 679 73 37 0 0 -1
470 1 817 532 131 53 0 0 -1
470 2 796 679 66 35 0 0 -1
471 1 811 527 131 53 0 0 -1
471 2 798 677 62 36 0 0 -1
472 1 811 527 131 53 0 0 -1
472 2 795 672 62 41 0 0 -1
473 1 811 522 131 53 0 0 -1
473 2 791 672 75 41 0 0 -1
474 1 806 517 131 53 0 0 -1
474 2 789 667 71 40 0 0 -1
475 1 806 512 131 53 0 0 -1
475 2 779 669 83 42 0 0 -1
476 1 806 507 131 53 0 0 -1
476 2 778 667 77 47 0 0 -1
477 1 806 502 131 53 0 0 -1
477 2 778 664 76 50 0 0 -1
478 1 806 487 131 53 0 0 -1
478 2 773 669 72 44 0 0 -1
479 1 806 487 131 53 0 0 -1
479 2 773 667 77 46 0 0 -1
480 1 806 477 131 53 0 0 -1
480 2 767 664 85 42 0 0 -1
481 1 811 467 131 53 0 0 -1
481 2 766 665 71 37 0 0 -1
482 1 811 452 131 53 0 0 -1
482 2 762 669 78 40 0 0 -1
483 1 816 437 131 53 0 0 -1
483 2 767 665 68 41 0 0 -1
484 1 826 422 125 53 0 0 -1
484 2 766 667 67 35 0 0 -1
485 1 826 422 125 53 0 0 -1
485 2 766 665 61 37 0 0 -1
486 1 831 412 125 53 0 0 -1
486 2 756 667 67 34 0 0 -1
487 1 837 411 118 51 0 0 -1
487 2 761 665 61 36 0 0 -1
488 1 837 401 118 51 0 0 -1
488 2 756 665 71 39 0 0 -1
489 1 842 396 118 51 0 0 -1
489 2 749 664 79 42 0 0 -1
490 1 847 391 118 51 0 0 -1
490 2 749 665 69 37 0 0 -1
491 1 847 391 118 51 0 0 -1
491 2 751 665 57 34 0 0 -1
492 1 847 391 118 51 0 0 -1
492 2 740 665 73 34 0 0 -1
493 1 852 386 118 51 0 0 -1
493 2 740 664 75 35 0 0 -1
494 1 852 381 118 51 0 0 -1
494 2 737 665 69 36 0 0 -1
495 1 857 376 118 51 0 0 -1
495 2 742 665 61 34 0 0 -1
496 1 857 376 118 51 0 0 -1
496 2 727 662 69 35 0 0 -1
497 1 857 376 118 51 0 0 -1
497 2 716 663 79 39 0 0 -1
498 1 862 373 118 49 0 0 -1
498 2 720 664 71 35 0 0 -1
499 1 862 371 118 48 0 0 -1
499 2 713 665 76 34 0 0 -1
500 1 867 371 114 46 0 0 -1
500 2 712 660 69 37 0 0 -1
501 1 872 366 111 46 0 0 -1
501 2 707 664 64 35 0 0 -1
502 1 877 361 111 46 0 0 -1
502 2 703 664 61 35 0 0 -1
503 1 877 361 111 46 0 0 -1
503 2 700 664 61 33 0 0 -1
504 1 882 358 104 44 0 0 -1
504 2 695 662 67 37 0 0 -1
505 1 882 353 104 44 0 0 -1
505 2 690 662 67 34 0 0 -1
506 1 887 348 104 44 0 0 -1
506 2 686 658 61 36 0 0 -1
507 1 892 343 104 44 0 0 -1
507 2 686 662 65 34 0 0 -1
508 1 897 338 101 41 0 0 -1
508 2 685 660 55 39 0 0 -1
509 1 897 338 101 41 0 0 -1
509 2 675 657 60 39 0 0 -1
510 1 897 328 101 41 0 0 -1
510 2 669 657 61 39 0 0 -1
511 1 902 318 104 41 0 0 -1
511 2 659 660 66 36 0 0 -1
512 1 912 308 101 41 0 0 -1
512 2 654 658 64 34 0 0 -1
513 1 917 303 101 41 0 0 -1
513 2 653 657 57 35 0 0 -1
514 1 922 293 101 41 0 0 -1
514 2 649 653 58 39 0 0 -1
515 1 922 293 101 41 0 0 -1
515 2 642 657 65 40 0 0 -1
516 1 927 288 101 41 0 0 -1
516 2 646 655 52 39 0 0 -1
517 1 932 283 101 41 0 0 -1
517 2 636 653 59 38 0 0 -1
518 1 937 278 101 41 0 0 -1
518 2 626 650 60 44 0 0 -1
519 1 947 268 101 41 0 0 -1
519 2 626 653 59 41 0 0 -1
520 1 952 263 101 41 0 0 -1
520 2 632 657 56 40 0 0 -1
521 1 952 263 101 41 0 0 -1
521 2 627 652 51 40 0 0 -1
522 1 957 253 101 41 0 0 -1
522 2 617 652 68 40 0 0 -1
523 1 962 248 101 41 0 0 -1
523 2 609 652 69 37 0 0 -1
524 1 972 243 95 41 0 0 -1
524 2 610 650 65 41 0 0 -1
525 1 977 238 95 41 0 0 -1
525 2 595 650 74 44 0 0 -1
526 1 982 233 95 41 0 0 -1
526 2 593 645 75 44 0 0 -1
527 1 982 233 95 41 0 0 -1
527 2 592 645 72 46 0 0 -1
528 1 987 228 95 41 0 0 -1
528 2 592 648 64 43 0 0 -1
529 1 992 218 95 41 0 0 -1
529 2 587 643 66 46 0 0 -1
530 1 997 213 95 41 0 0 -1
530 2 585 643 74 44 0 0 -1
531 1 1002 203 95 41 0 0 -1
531 2 582 642 69 47 0 0 -1
532 1 1007 193 95 41 0 0 -1
532 2 582 642 71 47 0 0 -1
533 1 1007 193 95 41 0 0 -1
533 2 582 640 71 52 0 0 -1
534 1 1012 183 95 41 0 0 -1
534 2 580 643 66 44 0 0 -1
535 1 1021 175 91 37 0 0 -1
535 2 576 643 71 43 0 0 -1
536 1 1021 165 91 37 0 0 -1
536 2 582 636 71 50 0 0 -1
537 1 1023 147 91 37 0 0 -1
537 2 582 635 71 52 0 0 -1
538 1 1028 132 91 37 0 0 -1
538 2 580 633 67 54 0 0 -1
539 1 1028 132 91 37 0 0 -1
539 2 587 636 67 48 0 0 -1
540 1 1033 122 91 37 0 0 -1
540 2 587 635 71 49 0 0 -1
541 1 1029 114 91 37 0 0 -1
541 2 587 635 71 49 0 0 -1
542 1 1029 109 91 37 0 0 -1
542 2 593 633 71 46 0 0 -1
543 1 1029 104 91 37 0 0 -1
543 2 598 635 66 42 0 0 -1
544 1 1024 99 91 37 0 0 -1
544 2 602 633 66 41 0 0 -1
545 1 1024 99 91 37 0 0 -1
545 2 607 635 62 39 0 0 -1
546 1 1024 94 91 37 0 0 -1
546 2 609 631 66 43 0 0 -1
547 1 1024 94 91 37 0 0 -1
547 2 609 631 71 43 0 0 -1
548 1 1022 97 91 37 0 0 -1
548 2 617 630 68 42 0 0 -1
549 1 1022 97 91 37 0 0 -1
549 2 622 626 71 43 0 0 -1
550 1 1027 112 91 37 0 0 -1
550 2 629 625 67 45 0 0 -1
551 1 1027 112 91 37 0 0 -1
551 2 639 626 64 46 0 0 -1
552 1 1032 122 91 37 0 0 -1
552 2 639 628 68 39 0 0 -1
553 1 1032 132 91 37 0 0 -1
553 2 651 625 62 39 0 0 -1
554 1 1032 147 91 37 0 0 -1
554 2 656 626 66 43 0 0 -1
555 1 1032 152 91 37 0 0 -1
555 2 661 620 76 44 0 0 -1
556 1 1027 162 91 37 0 0 -1
556 2 664 621 78 44 0 0 -1
557 1 1022 162 91 37 0 0 -1
557 2 673 623 71 41 0 0 -1
558 1 1017 162 91 37 0 0 -1
558 2 685 616 64 48 0 0 -1
559 1 1017 162 91 37 0 0 -1
559 2 690 621 69 43 0 0 -1
560 1 1012 162 91 37 0 0 -1
560 2 702 618 69 46 0 0 -1
561 1 1002 162 91 37 0 0 -1
561 2 705 618 73 44 0 0 -1
562 1 992 157 91 37 0 0 -1
562 2 710 620 78 40 0 0 -1
563 1 992 157 91 37 0 0 -1
563 2 720 616 69 49 0 0 -1
564 1 987 157 91 37 0 0 -1
564 2 727 616 76 44 0 0 -1
565 1 972 152 91 37 0 0 -1
565 2 740 620 82 42 0 0 -1
566 1 962 152 91 37 0 0 -1
566 2 754 613 78 49 0 0 -1
567 1 957 147 91 37 0 0 -1
567 2 761 611 76 47 0 0 -1
568 1 942 147 91 37 0 0 -1
568 2 773 616 71 41 0 0 -1
569 1 942 147 91 37 0 0 -1
569 2 778 616 69 42 0 0 -1
570 1 927 147 91 37 0 0 -1
570 2 789 615 77 43 0 0 -1
571 1 917 142 91 37 0 0 -1
571 2 801 615 70 43 0 0 -1
572 1 907 142 91 37 0 0 -1
572 2 806 613 80 44 0 0 -1
573 1 905 138 88 36 0 0 -1
573 2 822 615 71 40 0 0 -1
574 1 900 138 88 36 0 0 -1
574 2 837 613 71 37 0 0 -1
575 1 900 138 88 36 0 0 -1
575 2 844 608 69 45 0 0 -1
576 1 895 138 88 36 0 0 -1
576 2 859 613 72 42 0 0 -1
577 1 890 138 88 36 0 0 -1
577 2 872 615 66 37 0 0 -1
578 1 885 138 88 36 0 0 -1
578 2 879 611 68 37 0 0 -1
579 1 880 133 88 36 0 0 -1
579 2 889 611 69 41 0 0 -1
580 1 875 133 88 36 0 0 -1
580 2 894 606 73 42 0 0 -1
581 1 875 133 88 36 0 0 -1
581 2 909 608 70 42 0 0 -1
582 1 870 133 88 36 0 0 -1
582 2 921 606 66 46 0 0 -1
583 1 865 133 88 36 0 0 -1
583 2 933 604 61 48 0 0 -1
584 1 855 133 88 36 0 0 -1
584 2 948 611 58 41 0 0 -1
585 1 850 133 88 36 0 0 -1
585 2 955 609 61 38 0 0 -1
586 1 847 133 81 36 0 0 -1
586 2 964 606 65 41 0 0 -1
587 1 847 133 81 36 0 0 -1
587 2 975 608 61 39 0 0 -1
588 1 842 133 81 36 0 0 -1
588 2 982 611 66 39 0 0 -1
589 1 832 133 81 36 0 0 -1
589 2 991 603 69 45 0 0 -1
590 1 827 128 81 36 0 0 -1
590 2 1001 604 67 39 0 0 -1
