1 1 929 559 243 142 0 0 -1
1 2 939 178 66 42 0 0 -1
2 1 932 556 243 147 0 0 -1
2 2 937 174 65 43 0 0 -1
3 1 927 558 242 146 0 0 -1
3 2 937 174 66 45 0 0 -1
4 1 926 559 241 141 0 0 -1
4 2 937 173 63 42 0 0 -1
5 1 921 561 239 140 0 0 -1
5 2 937 170 62 46 0 0 -1
6 1 924 558 230 140 0 0 -1
6 2 937 172 65 40 0 0 -1
7 1 916 560 230 140 0 0 -1
7 2 936 172 67 40 0 0 -1
8 1 918 560 230 140 0 0 -1
8 2 939 171 64 41 0 0 -1
9 1 910 560 230 140 0 0 -1
9 2 937 169 65 42 0 0 -1
10 1 906 562 230 133 0 0 -1
10 2 939 170 64 37 0 0 -1
11 1 905 558 225 133 0 0 -1
11 2 940 169 62 39 0 0 -1
12 1 899 558 224 133 0 0 -1
12 2 937 170 66 34 0 0 -1
13 1 896 558 218 127 0 0 -1
13 2 939 173 64 30 0 0 -1
14 1 896 561 222 125 0 0 -1
14 2 939 173 63 29 0 0 -1
15 1 890 561 222 125 0 0 -1
15 2 940 170 56 30 0 0 -1
16 1 888 559 216 125 0 0 -1
16 2 937 168 63 31 0 0 -1
17 1 886 552 216 125 0 0 -1
17 2 940 164 62 35 0 0 -1
18 1 886 554 211 122 0 0 -1
18 2 939 160 63 35 0 0 -1
19 1 886 552 211 122 0 0 -1
19 2 939 160 63 29 0 0 -1
20 1 881 551 211 122 0 0 -1
20 2 937 152 67 33 0 0 -1
21 1 881 549 211 120 0 0 -1
21 2 939 148 66 34 0 0 -1
22 1 881 549 211 120 0 0 -1
22 2 940 145 63 34 0 0 -1
23 1 885 544 207 122 0 0 -1
23 2 944 139 61 34 0 0 -1
24 1 891 544 201 116 0 0 -1
24 2 943 134 61 34 0 0 -1
25 1 897 544 200 116 0 0 -1
25 2 943 127 64 35 0 0 -1
26 1 897 544 200 116 0 0 -1
26 2 943 121 65 36 0 0 -1
27 1 902 544 200 116 0 0 -1
27 2 943 115 64 38 0 0 -1
28 1 907 544 200 116 0 0 -1
28 2 943 105 64 40 0 0 -1
29 1 912 539 200 116 0 0 -1
29 2 943 97 69 39 0 0 -1
30 1 922 539 196 116 0 0 -1
30 2 941 91 71 43 0 0 -1
31 1 927 539 196 116 0 0 -1
31 2 941 84 71 46 0 0 -1
32 1 927 539 196 116 0 0 -1
32 2 947 74 65 47 0 0 -1
33 1 937 539 191 110 0 0 -1
33 2 944 67 71 48 0 0 -1
34 1 942 539 191 110 0 0 -1
34 2 944 57 69 51 0 0 -1
35 1 942 539 191 110 0 0 -1
35 2 944 47 71 54 0 0 -1
36 1 947 544 191 105 0 0 -1
36 2 947 41 66 56 0 0 -1
37 1 947 549 191 105 0 0 -1
37 2 947 38 69 53 0 0 -1
38 1 950 549 183 105 0 0 -1
38 2 945 29 71 58 0 0 -1
39 1 950 555 183 99 0 0 -1
39 2 947 25 70 55 0 0 -1
40 1 950 560 183 102 0 0 -1
40 2 947 17 70 56 0 0 -1
41 1 950 560 183 99 0 0 -1
41 2 947 12 70 60 0 0 -1
42 1 950 565 181 99 0 0 -1
42 2 948 8 72 59 0 0 -1
43 1 950 570 181 99 0 0 -1
43 2 947 6 73 54 0 0 -1
44 1 950 570 181 99 0 0 -1
44 2 947 1 73 56 0 0 -1
45 1 950 575 181 99 0 0 -1
45 2 950 2 71 53 0 0 -1
46 1 945 575 181 99 0 0 -1
46 2 948 1 74 48 0 0 -1
47 1 940 580 181 99 0 0 -1
47 2 951 1 71 49 0 0 -1
48 1 940 585 181 99 0 0 -1
48 2 951 1 73 48 0 0 -1
49 1 940 585 181 99 0 0 -1
49 2 949 1 75 45 0 0 -1
50 1 940 585 181 99 0 0 -1
50 2 949 1 73 42 0 0 -1
51 1 940 585 181 99 0 0 -1
51 2 951 1 71 42 0 0 -1
52 1 940 585 181 99 0 0 -1
52 2 949 1 73 41 0 0 -1
53 1 940 580 181 99 0 0 -1
53 2 952 1 69 41 0 0 -1
54 1 940 580 181 99 0 0 -1
54 2 951 1 70 44 0 0 -1
55 1 940 580 181 99 0 0 -1
55 2 949 1 73 42 0 0 -1
56 1 940 580 181 99 0 0 -1
56 2 952 1 69 48 0 0 -1
57 1 935 580 181 99 0 0 -1
57 2 952 1 68 46 0 0 -1
58 1 935 575 181 99 0 0 -1
58 2 949 1 71 48 0 0 -1
59 1 930 570 181 99 0 0 -1
59 2 949 1 67 49 0 0 -1
60 1 930 570 181 99 0 0 -1
60 2 949 1 67 54 0 0 -1
61 1 926 565 185 99 0 0 -1
61 2 949 1 67 56 0 0 -1
62 1 926 565 185 99 0 0 -1
62 2 949 7 67 51 0 0 -1
63 1 921 557 190 107 0 0 -1
63 2 949 8 64 55 0 0 -1
64 1 916 552 190 107 0 0 -1
64 2 947 12 69 55 0 0 -1
65 1 911 547 190 107 0 0 -1
65 2 947 13 68 59 0 0 -1
66 1 896 542 190 107 0 0 -1
66 2 947 19 66 56 0 0 -1
67 1 886 537 190 107 0 0 -1
67 2 945 24 67 56 0 0 -1
68 1 881 537 195 107 0 0 -1
68 2 945 30 66 54 0 0 -1
69 1 871 532 195 107 0 0 -1
69 2 945 34 64 55 0 0 -1
70 1 856 532 195 107 0 0 -1
70 2 944 40 67 54 0 0 -1
71 1 846 527 195 107 0 0 -1
71 2 943 46 65 54 0 0 -1
72 1 825 522 206 107 0 0 -1
72 2 941 51 67 54 0 0 -1
73 1 815 517 206 107 0 0 -1
73 2 941 57 63 52 0 0 -1
74 1 815 517 206 107 0 0 -1
74 2 941 63 64 51 0 0 -1
75 1 799 505 217 114 0 0 -1
75 2 940 68 64 53 0 0 -1
76 1 789 500 217 114 0 0 -1
76 2 937 75 67 51 0 0 -1
77 1 779 484 217 125 0 0 -1
77 2 939 81 63 50 0 0 -1
78 1 774 479 217 125 0 0 -1
78 2 937 87 65 51 0 0 -1
79 1 764 484 217 125 0 0 -1
79 2 935 93 64 49 0 0 -1
80 1 764 484 217 125 0 0 -1
80 2 935 100 65 48 0 0 -1
81 1 756 504 220 125 0 0 -1
81 2 936 105 60 50 0 0 -1
82 1 751 514 220 125 0 0 -1
82 2 935 111 60 50 0 0 -1
83 1 732 519 239 134 0 0 -1
83 2 932 118 63 48 0 0 -1
84 1 727 519 239 134 0 0 -1
84 2 932 123 62 50 0 0 -1
85 1 729 519 242 134 0 0 -1
85 2 932 130 59 48 0 0 -1
86 1 729 519 242 134 0 0 -1
86 2 931 136 60 50 0 0 -1
87 1 739 529 242 134 0 0 -1
87 2 931 142 60 49 0 0 -1
88 1 749 534 248 139 0 0 -1
88 2 930 149 60 45 0 0 -1
89 1 759 539 261 139 0 0 -1
89 2 928 156 60 46 0 0 -1
90 1 774 579 273 154 0 0 -1
90 2 928 164 60 46 0 0 -1
91 1 779 664 273 154 0 0 -1
91 2 927 170 60 46 0 0 -1
92 1 779 664 273 154 0 0 -1
92 2 925 178 61 41 0 0 -1
93 1 799 683 258 145 0 0 -1
93 2 924 183 61 42 0 0 -1
94 1 804 688 266 145 0 0 -1
94 2 926 189 57 43 0 0 -1
95 1 814 693 280 150 0 0 -1
95 2 924 195 58 42 0 0 -1
96 1 829 698 280 150 0 0 -1
96 2 923 200 56 45 0 0 -1
97 1 839 703 280 150 0 0 -1
97 2 923 207 56 46 0 0 -1
98 1 839 703 280 150 0 0 -1
98 2 922 213 57 44 0 0 -1
99 1 854 701 280 157 0 0 -1
99 2 920 220 57 43 0 0 -1
100 1 869 706 280 157 0 0 -1
100 2 919 227 58 41 0 0 -1
101 1 874 706 280 157 0 0 -1
101 2 918 234 57 42 0 0 -1
102 1 889 706 280 157 0 0 -1
102 2 920 242 51 38 0 0 -1
103 1 904 706 280 157 0 0 -1
103 2 919 246 55 41 0 0 -1
104 1 904 706 280 157 0 0 -1
104 2 917 254 54 39 0 0 -1
105 1 919 706 280 157 0 0 -1
105 2 918 261 55 37 0 0 -1
106 1 924 702 280 151 0 0 -1
106 2 918 267 52 37 0 0 -1
107 1 929 702 280 151 0 0 -1
107 2 918 276 51 32 0 0 -1
108 1 944 698 273 149 0 0 -1
108 2 918 283 48 32 0 0 -1
109 1 959 691 273 156 0 0 -1
109 2 914 287 55 31 0 0 -1
110 1 959 693 273 149 0 0 -1
110 2 917 295 48 28 0 0 -1
111 1 969 688 273 149 0 0 -1
111 2 915 302 53 28 0 0 -1
112 1 974 688 273 149 0 0 -1
112 2 917 305 51 29 0 0 -1
113 1 979 693 273 149 0 0 -1
113 2 918 310 48 28 0 0 -1
114 1 989 691 267 146 0 0 -1
114 2 917 314 48 29 0 0 -1
115 1 1004 691 262 142 0 0 -1
115 2 918 319 47 30 0 0 -1
116 1 1004 691 262 142 0 0 -1
116 2 917 323 47 25 0 0 -1
117 1 1014 691 262 142 0 0 -1
117 2 918 326 47 26 0 0 -1
118 1 1019 691 262 142 0 0 -1
118 2 918 330 48 27 0 0 -1
119 1 1026 696 255 137 0 0 -1
119 2 918 332 50 28 0 0 -1
120 1 1031 696 255 137 0 0 -1
120 2 917 336 49 27 0 0 -1
121 1 1036 696 255 137 0 0 -1
121 2 917 339 51 24 0 0 -1
122 1 1036 696 255 137 0 0 -1
122 2 915 339 50 29 0 0 -1
123 1 1041 696 255 137 0 0 -1
123 2 918 343 48 26 0 0 -1
124 1 1051 701 245 137 0 0 -1
124 2 915 343 53 30 0 0 -1
125 1 1066 696 245 137 0 0 -1
125 2 920 346 42 28 0 0 -1
126 1 1081 696 245 137 0 0 -1
126 2 919 342 46 35 0 0 -1
127 1 1085 699 245 137 0 0 -1
127 2 920 347 48 34 0 0 -1
128 1 1085 699 245 137 0 0 -1
128 2 919 344 47 39 0 0 -1
129 1 1085 699 245 137 0 0 -1
129 2 923 346 45 43 0 0 -1
130 1 1090 694 245 137 0 0 -1
130 2 923 346 42 41 0 0 -1
131 1 1095 684 245 137 0 0 -1
131 2 923 349 47 42 0 0 -1
132 1 1095 645 244 131 0 0 -1
132 2 924 351 47 39 0 0 -1
133 1 1095 595 244 131 0 0 -1
133 2 932 355 41 36 0 0 -1
134 1 1095 600 244 128 0 0 -1
134 2 930 355 44 38 0 0 -1
135 1 1095 545 244 128 0 0 -1
135 2 935 357 46 40 0 0 -1
136 1 1095 490 244 128 0 0 -1
136 2 937 357 46 43 0 0 -1
137 1 1100 450 232 128 0 0 -1
137 2 941 357 45 40 0 0 -1
138 1 1085 425 232 128 0 0 -1
138 2 945 361 45 37 0 0 -1
139 1 1060 405 232 128 0 0 -1
139 2 951 364 43 36 0 0 -1
140 1 1066 405 226 128 0 0 -1
140 2 954 364 44 38 0 0 -1
141 1 1026 380 226 128 0 0 -1
141 2 957 365 47 39 0 0 -1
142 1 990 357 226 128 0 0 -1
142 2 965 369 43 34 0 0 -1
143 1 939 348 222 127 0 0 -1
143 2 970 372 43 35 0 0 -1
144 1 885 344 222 127 0 0 -1
144 2 974 370 45 37 0 0 -1
145 1 835 341 222 127 0 0 -1
145 2 979 377 46 30 0 0 -1
146 1 837 345 222 125 0 0 -1
146 2 986 374 46 37 0 0 -1
147 1 793 347 222 125 0 0 -1
147 2 992 376 42 36 0 0 -1
148 1 748 373 222 125 0 0 -1
148 2 996 377 46 35 0 0 -1
149 1 715 401 222 125 0 0 -1
149 2 1008 380 39 34 0 0 -1
150 1 696 423 216 125 0 0 -1
150 2 1011 380 44 35 0 0 -1
151 1 673 443 213 125 0 0 -1
151 2 1016 381 44 35 0 0 -1
152 1 673 443 213 125 0 0 -1
152 2 1022 382 44 34 0 0 -1
153 1 657 475 213 125 0 0 -1
153 2 1032 385 43 32 0 0 -1
154 1 644 503 213 120 0 0 -1
154 2 1037 386 46 34 0 0 -1
155 1 634 523 213 120 0 0 -1
155 2 1043 389 47 32 0 0 -1
156 1 624 533 213 120 0 0 -1
156 2 1050 390 48 33 0 0 -1
157 1 619 548 213 120 0 0 -1
157 2 1060 398 44 25 0 0 -1
158 1 619 558 213 120 0 0 -1
158 2 1067 397 40 31 0 0 -1
159 1 619 558 213 120 0 0 -1
159 2 1071 400 46 31 0 0 -1
160 1 644 563 213 120 0 0 -1
160 2 1080 403 43 30 0 0 -1
161 1 679 563 213 120 0 0 -1
161 2 1087 404 41 33 0 0 -1
162 1 714 558 213 120 0 0 -1
162 2 1092 410 43 31 0 0 -1
163 1 749 558 213 120 0 0 -1
163 2 1100 412 41 32 0 0 -1
164 1 779 558 213 120 0 0 -1
164 2 1105 417 42 33 0 0 -1
165 1 783 558 204 120 0 0 -1
165 2 1111 421 44 34 0 0 -1
166 1 799 558 213 120 0 0 -1
166 2 1114 424 43 33 0 0 -1
167 1 828 558 204 120 0 0 -1
167 2 1119 429 45 30 0 0 -1
168 1 843 558 204 120 0 0 -1
168 2 1123 431 45 36 0 0 -1
169 1 853 558 204 120 0 0 -1
169 2 1127 436 42 33 0 0 -1
170 1 863 558 199 103 0 0 -1
170 2 1132 438 42 34 0 0 -1
171 1 863 558 196 103 0 0 -1
171 2 1135 442 42 32 0 0 -1
172 1 868 558 196 103 0 0 -1
172 2 1136 445 43 30 0 0 -1
173 1 863 558 197 101 0 0 -1
173 2 1140 445 42 27 0 0 -1
174 1 866 558 192 97 0 0 -1
174 2 1141 446 45 30 0 0 -1
175 1 866 553 185 100 0 0 -1
175 2 1140 450 46 29 0 0 -1
176 1 861 553 185 94 0 0 -1
176 2 1145 450 42 28 0 0 -1
177 1 861 553 185 91 0 0 -1
177 2 1145 450 44 30 0 0 -1
178 1 850 543 183 97 0 0 -1
178 2 1147 451 45 32 0 0 -1
179 1 842 541 183 88 0 0 -1
179 2 1149 448 42 32 0 0 -1
180 1 837 541 183 88 0 0 -1
180 2 1151 448 44 35 0 0 -1
181 1 827 536 183 88 0 0 -1
181 2 1151 448 45 35 0 0 -1
182 1 822 531 178 88 0 0 -1
182 2 1152 445 48 40 0 0 -1
183 1 822 531 178 88 0 0 -1
183 2 1158 445 45 39 0 0 -1
184 1 807 531 178 88 0 0 -1
184 2 1158 446 48 38 0 0 -1
185 1 797 526 178 88 0 0 -1
185 2 1165 445 43 40 0 0 -1
186 1 787 521 178 88 0 0 -1
186 2 1170 448 43 37 0 0 -1
187 1 777 516 178 88 0 0 -1
187 2 1174 448 46 34 0 0 -1
188 1 767 506 178 88 0 0 -1
188 2 1178 448 48 36 0 0 -1
189 1 767 511 178 88 0 0 -1
189 2 1182 448 47 35 0 0 -1
190 1 762 511 178 88 0 0 -1
190 2 1189 448 47 34 0 0 -1
191 1 762 511 178 88 0 0 -1
191 2 1191 448 51 34 0 0 -1
192 1 757 516 178 88 0 0 -1
192 2 1199 454 46 26 0 0 -1
193 1 752 541 178 88 0 0 -1
193 2 1200 451 50 31 0 0 -1
194 1 762 551 178 88 0 0 -1
194 2 1211 448 45 31 0 0 -1
195 1 762 551 178 88 0 0 -1
195 2 1215 445 45 37 0 0 -1
196 1 777 566 178 88 0 0 -1
196 2 1221 446 47 32 0 0 -1
197 1 792 581 178 88 0 0 -1
197 2 1225 444 46 35 0 0 -1
198 1 807 591 178 88 0 0 -1
198 2 1234 444 43 34 0 0 -1
199 1 832 601 178 88 0 0 -1
199 2 1234 445 46 33 0 0 -1
200 1 842 606 178 88 0 0 -1
200 2 1237 444 47 38 0 0 -1
201 1 847 606 173 88 0 0 -1
201 2 1243 444 42 34 0 0 -1
202 1 852 606 173 88 0 0 -1
202 2 1246 446 44 36 0 0 -1
203 1 867 606 173 88 0 0 -1
203 2 1251 444 43 32 0 0 -1
204 1 877 606 173 88 0 0 -1
204 2 1249 444 49 35 0 0 -1
205 1 887 606 173 88 0 0 -1
205 2 1256 442 45 37 0 0 -1
206 1 897 606 173 88 0 0 -1
206 2 1256 444 46 36 0 0 -1
207 1 897 606 173 88 0 0 -1
207 2 1256 442 46 36 0 0 -1
208 1 897 596 173 88 0 0 -1
208 2 1262 444 43 32 0 0 -1
209 1 902 601 173 88 0 0 -1
209 2 1263 442 42 33 0 0 -1
210 1 907 601 173 88 0 0 -1
210 2 1266 444 39 32 0 0 -1
211 1 902 591 173 88 0 0 -1
211 2 1263 442 43 38 0 0 -1
212 1 902 587 173 92 0 0 -1
212 2 1267 442 43 36 0 0 -1
213 1 902 587 173 92 0 0 -1
213 2 1263 442 42 37 0 0 -1
214 1 902 582 173 92 0 0 -1
214 2 1262 441 44 37 0 0 -1
215 1 902 582 173 92 0 0 -1
215 2 1259 440 46 40 0 0 -1
216 1 892 572 173 92 0 0 -1
216 2 1263 442 39 36 0 0 -1
217 1 892 562 173 92 0 0 -1
217 2 1260 442 41 36 0 0 -1
218 1 887 562 173 92 0 0 -1
218 2 1259 441 39 37 0 0 -1
219 1 887 562 173 92 0 0 -1
219 2 1255 441 45 37 0 0 -1
220 1 882 562 173 92 0 0 -1
220 2 1253 442 41 37 0 0 -1
221 1 882 562 173 92 0 0 -1
221 2 1247 442 43 33 0 0 -1
222 1 877 567 173 92 0 0 -1
222 2 1243 440 45 36 0 0 -1
223 1 867 572 173 92 0 0 -1
223 2 1239 442 45 34 0 0 -1
224 1 862 572 173 92 0 0 -1
224 2 1239 442 40 32 0 0 -1
225 1 862 572 173 92 0 0 -1
225 2 1230 441 46 33 0 0 -1
226 1 862 577 173 92 0 0 -1
226 2 1225 444 46 31 0 0 -1
227 1 857 577 173 92 0 0 -1
227 2 1221 442 47 34 0 0 -1
228 1 852 577 173 92 0 0 -1
228 2 1219 440 44 34 0 0 -1
229 1 842 577 173 92 0 0 -1
229 2 1209 441 49 30 0 0 -1
230 1 842 577 173 92 0 0 -1
230 2 1209 441 45 33 0 0 -1
231 1 842 577 173 92 0 0 -1
231 2 1202 441 43 33 0 0 -1
232 1 832 582 173 92 0 0 -1
232 2 1193 442 46 32 0 0 -1
233 1 822 582 173 92 0 0 -1
233 2 1189 441 47 30 0 0 -1
234 1 817 582 173 92 0 0 -1
234 2 1179 444 49 30 0 0 -1
235 1 807 582 173 92 0 0 -1
235 2 1175 442 44 32 0 0 -1
236 1 802 577 173 92 0 0 -1
236 2 1168 441 49 30 0 0 -1
237 1 797 577 173 92 0 0 -1
237 2 1165 442 47 29 0 0 -1
238 1 792 577 173 92 0 0 -1
238 2 1160 442 44 29 0 0 -1
239 1 797 577 173 92 0 0 -1
239 2 1153 441 45 29 0 0 -1
240 1 802 577 173 92 0 0 -1
240 2 1147 440 45 31 0 0 -1
241 1 791 577 179 92 0 0 -1
241 2 1140 441 43 27 0 0 -1
242 1 786 572 179 92 0 0 -1
242 2 1136 440 39 30 0 0 -1
243 1 786 572 179 92 0 0 -1
243 2 1127 438 46 29 0 0 -1
244 1 791 567 179 92 0 0 -1
244 2 1118 436 42 34 0 0 -1
245 1 791 557 179 92 0 0 -1
245 2 1114 434 43 34 0 0 -1
246 1 791 552 179 92 0 0 -1
246 2 1109 434 40 36 0 0 -1
247 1 791 547 179 92 0 0 -1
247 2 1102 433 41 38 0 0 -1
248 1 791 547 179 92 0 0 -1
248 2 1098 432 42 39 0 0 -1
249 1 791 542 179 92 0 0 -1
249 2 1089 433 46 37 0 0 -1
250 1 791 542 179 92 0 0 -1
250 2 1085 433 45 35 0 0 -1
251 1 791 537 179 92 0 0 -1
251 2 1081 434 46 36 0 0 -1
252 1 791 537 179 92 0 0 -1
252 2 1075 436 49 32 0 0 -1
253 1 791 537 179 92 0 0 -1
253 2 1071 436 47 32 0 0 -1
254 1 786 537 179 92 0 0 -1
254 2 1068 434 49 36 0 0 -1
255 1 791 537 179 92 0 0 -1
255 2 1063 436 50 32 0 0 -1
256 1 791 537 179 92 0 0 -1
256 2 1062 436 51 34 0 0 -1
257 1 785 537 185 92 0 0 -1
257 2 1063 438 50 32 0 0 -1
258 1 780 537 185 92 0 0 -1
258 2 1060 440 51 30 0 0 -1
259 1 775 537 185 92 0 0 -1
259 2 1058 437 51 33 0 0 -1
260 1 785 547 185 92 0 0 -1
260 2 1056 438 53 33 0 0 -1
261 1 785 547 185 92 0 0 -1
261 2 1062 442 47 29 0 0 -1
262 1 780 557 185 92 0 0 -1
262 2 1058 442 48 28 0 0 -1
263 1 775 557 185 92 0 0 -1
263 2 1056 443 49 27 0 0 -1
264 1 785 557 185 92 0 0 -1
264 2 1058 440 48 32 0 0 -1
265 1 810 572 185 92 0 0 -1
265 2 1058 442 46 30 0 0 -1
266 1 810 577 185 92 0 0 -1
266 2 1056 444 47 29 0 0 -1
267 1 810 577 185 92 0 0 -1
267 2 1056 442 46 28 0 0 -1
268 1 810 583 185 86 0 0 -1
268 2 1058 442 47 29 0 0 -1
269 1 825 593 185 86 0 0 -1
269 2 1058 440 46 31 0 0 -1
270 1 825 593 185 86 0 0 -1
270 2 1058 440 47 34 0 0 -1
271 1 825 593 185 86 0 0 -1
271 2 1058 445 47 29 0 0 -1
272 1 820 583 185 86 0 0 -1
272 2 1056 438 48 34 0 0 -1
273 1 820 583 185 86 0 0 -1
273 2 1059 441 42 34 0 0 -1
274 1 820 583 185 86 0 0 -1
274 2 1058 440 42 36 0 0 -1
275 1 820 583 185 86 0 0 -1
275 2 1058 440 46 36 0 0 -1
276 1 810 578 185 86 0 0 -1
276 2 1060 441 40 35 0 0 -1
277 1 795 573 185 86 0 0 -1
277 2 1056 437 44 43 0 0 -1
278 1 790 573 185 86 0 0 -1
278 2 1058 438 39 38 0 0 -1
279 1 790 573 185 86 0 0 -1
279 2 1055 438 39 42 0 0 -1
280 1 780 563 185 86 0 0 -1
280 2 1055 441 35 37 0 0 -1
281 1 770 558 185 86 0 0 -1
281 2 1051 440 42 39 0 0 -1
282 1 755 553 185 86 0 0 -1
282 2 1045 441 44 42 0 0 -1
283 1 745 543 185 86 0 0 -1
283 2 1043 445 44 35 0 0 -1
284 1 740 538 185 86 0 0 -1
284 2 1039 444 44 35 0 0 -1
285 1 735 538 185 86 0 0 -1
285 2 1034 446 42 36 0 0 -1
286 1 730 533 185 81 0 0 -1
286 2 1033 448 40 31 0 0 -1
287 1 725 528 185 81 0 0 -1
287 2 1030 448 38 32 0 0 -1
288 1 715 523 185 81 0 0 -1
288 2 1024 448 42 34 0 0 -1
289 1 710 523 179 81 0 0 -1
289 2 1020 449 42 35 0 0 -1
290 1 705 528 179 81 0 0 -1
290 2 1015 450 40 35 0 0 -1
291 1 705 528 179 81 0 0 -1
291 2 1007 454 44 34 0 0 -1
292 1 710 528 179 81 0 0 -1
292 2 1003 450 42 39 0 0 -1
293 1 720 533 179 81 0 0 -1
293 2 999 455 42 36 0 0 -1
294 1 735 533 179 81 0 0 -1
294 2 991 458 46 39 0 0 -1
295 1 755 538 179 75 0 0 -1
295 2 987 458 46 41 0 0 -1
296 1 770 543 179 75 0 0 -1
296 2 986 465 42 37 0 0 -1
297 1 770 543 179 75 0 0 -1
297 2 982 471 38 34 0 0 -1
298 1 800 548 179 75 0 0 -1
298 2 973 475 42 35 0 0 -1
299 1 830 553 179 75 0 0 -1
299 2 969 479 42 35 0 0 -1
300 1 850 553 179 75 0 0 -1
300 2 965 487 42 32 0 0 -1
301 1 890 568 179 75 0 0 -1
301 2 958 492 45 33 0 0 -1
302 1 915 568 179 75 0 0 -1
302 2 952 499 44 30 0 0 -1
303 1 915 568 179 75 0 0 -1
303 2 945 504 50 30 0 0 -1
304 1 935 568 179 75 0 0 -1
304 2 941 506 45 33 0 0 -1
305 1 950 568 179 75 0 0 -1
305 2 937 510 45 33 0 0 -1
306 1 965 573 179 75 0 0 -1
306 2 937 513 42 35 0 0 -1
307 1 985 573 179 75 0 0 -1
307 2 935 519 39 32 0 0 -1
308 1 1000 573 175 75 0 0 -1
308 2 927 521 43 36 0 0 -1
309 1 1000 573 175 75 0 0 -1
309 2 928 527 41 33 0 0 -1
310 1 1010 573 175 75 0 0 -1
310 2 926 533 39 32 0 0 -1
311 1 1010 573 175 75 0 0 -1
311 2 923 535 43 34 0 0 -1
312 1 1010 573 175 75 0 0 -1
312 2 920 540 45 30 0 0 -1
313 1 1010 573 175 75 0 0 -1
313 2 919 547 47 26 0 0 -1
314 1 1010 573 175 75 0 0 -1
314 2 919 549 50 27 0 0 -1
315 1 1010 573 175 75 0 0 -1
315 2 918 551 46 25 0 0 -1
316 1 1005 573 175 75 0 0 -1
316 2 919 549 43 28 0 0 -1
317 1 995 573 175 75 0 0 -1
317 2 920 553 41 27 0 0 -1
318 1 990 573 175 75 0 0 -1
318 2 917 551 44 29 0 0 -1
319 1 985 573 175 75 0 0 -1
319 2 919 553 41 25 0 0 -1
320 1 970 573 175 75 0 0 -1
320 2 923 549 38 31 0 0 -1
321 1 965 573 175 75 0 0 -1
321 2 917 551 45 25 0 0 -1
322 1 970 573 165 75 0 0 -1
322 2 917 552 48 30 0 0 -1
323 1 960 583 165 75 0 0 -1
323 2 913 552 48 26 0 0 -1
324 1 950 593 165 75 0 0 -1
324 2 913 549 48 29 0 0 -1
325 1 940 603 165 75 0 0 -1
325 2 915 552 46 26 0 0 -1
326 1 930 618 165 75 0 0 -1
326 2 913 548 48 28 0 0 -1
327 1 920 623 165 75 0 0 -1
327 2 914 548 46 28 0 0 -1
328 1 920 623 165 75 0 0 -1
328 2 911 547 46 29 0 0 -1
329 1 910 623 165 75 0 0 -1
329 2 914 546 46 27 0 0 -1
330 1 900 623 165 75 0 0 -1
330 2 910 543 50 31 0 0 -1
331 1 890 623 165 75 0 0 -1
331 2 914 546 42 26 0 0 -1
332 1 885 623 165 75 0 0 -1
332 2 910 540 47 34 0 0 -1
333 1 880 623 165 75 0 0 -1
333 2 913 540 41 34 0 0 -1
334 1 880 623 165 75 0 0 -1
334 2 913 539 38 33 0 0 -1
335 1 870 623 165 75 0 0 -1
335 2 910 539 43 33 0 0 -1
336 1 865 623 165 75 0 0 -1
336 2 910 539 41 34 0 0 -1
337 1 860 623 165 75 0 0 -1
337 2 906 538 42 36 0 0 -1
338 1 855 623 165 75 0 0 -1
338 2 906 539 38 35 0 0 -1
339 1 850 618 165 75 0 0 -1
339 2 898 539 43 34 0 0 -1
340 1 850 618 165 75 0 0 -1
340 2 900 539 40 34 0 0 -1
341 1 845 613 165 75 0 0 -1
341 2 894 538 40 38 0 0 -1
342 1 840 613 165 70 0 0 -1
342 2 889 538 41 36 0 0 -1
343 1 835 613 165 70 0 0 -1
343 2 888 540 39 32 0 0 -1
344 1 836 603 159 70 0 0 -1
344 2 877 539 49 34 0 0 -1
345 1 836 603 159 70 0 0 -1
345 2 871 542 48 30 0 0 -1
346 1 836 603 159 70 0 0 -1
346 2 871 542 43 28 0 0 -1
347 1 836 603 159 70 0 0 -1
347 2 862 543 53 27 0 0 -1
348 1 831 603 159 70 0 0 -1
348 2 858 544 52 26 0 0 -1
349 1 831 603 159 70 0 0 -1
349 2 852 542 51 28 0 0 -1
350 1 826 603 159 70 0 0 -1
350 2 850 542 50 28 0 0 -1
351 1 826 603 159 70 0 0 -1
351 2 842 540 50 32 0 0 -1
352 1 826 603 159 70 0 0 -1
352 2 841 542 48 30 0 0 -1
353 1 826 603 159 70 0 0 -1
353 2 834 543 45 29 0 0 -1
354 1 826 603 159 67 0 0 -1
354 2 833 543 40 30 0 0 -1
355 1 821 603 159 67 0 0 -1
355 2 826 540 45 34 0 0 -1
356 1 826 603 159 67 0 0 -1
356 2 817 538 50 35 0 0 -1
357 1 826 603 159 67 0 0 -1
357 2 816 540 46 33 0 0 -1
358 1 826 603 159 67 0 0 -1
358 2 809 540 45 34 0 0 -1
359 1 831 603 154 67 0 0 -1
359 2 805 539 45 35 0 0 -1
360 1 831 603 154 67 0 0 -1
360 2 795 540 46 36 0 0 -1
361 1 831 598 154 67 0 0 -1
361 2 791 542 47 32 0 0 -1
362 1 831 598 154 67 0 0 -1
362 2 786 544 43 30 0 0 -1
363 1 831 598 162 67 0 0 -1
363 2 777 544 47 30 0 0 -1
364 1 831 598 162 67 0 0 -1
364 2 773 544 47 29 0 0 -1
365 1 836 598 162 67 0 0 -1
365 2 766 542 50 30 0 0 -1
366 1 847 598 156 67 0 0 -1
366 2 758 539 47 34 0 0 -1
367 1 848 598 153 67 0 0 -1
367 2 754 538 46 31 0 0 -1
368 1 853 598 153 67 0 0 -1
368 2 747 536 47 33 0 0 -1
369 1 853 598 153 67 0 0 -1
369 2 745 534 41 34 0 0 -1
370 1 853 598 153 67 0 0 -1
370 2 741 529 45 39 0 0 -1
371 1 848 598 153 67 0 0 -1
371 2 736 527 43 36 0 0 -1
372 1 853 603 153 67 0 0 -1
372 2 735 527 42 34 0 0 -1
373 1 853 603 153 67 0 0 -1
373 2 728 523 49 34 0 0 -1
374 1 853 603 153 67 0 0 -1
374 2 727 518 44 34 0 0 -1
375 1 853 608 153 67 0 0 -1
375 2 727 519 44 30 0 0 -1
376 1 851 608 150 67 0 0 -1
376 2 724 512 47 32 0 0 -1
377 1 851 613 150 67 0 0 -1
377 2 724 512 43 28 0 0 -1
378 1 851 613 150 67 0 0 -1
378 2 719 508 47 26 0 0 -1
379 1 851 618 150 64 0 0 -1
379 2 722 504 42 25 0 0 -1
380 1 851 618 150 64 0 0 -1
380 2 719 499 45 24 0 0 -1
381 1 846 623 150 64 0 0 -1
381 2 719 489 42 32 0 0 -1
382 1 846 623 150 64 0 0 -1
382 2 716 484 46 28 0 0 -1
383 1 846 628 150 64 0 0 -1
383 2 716 476 44 30 0 0 -1
384 1 846 631 150 61 0 0 -1
384 2 714 474 43 25 0 0 -1
385 1 851 634 150 61 0 0 -1
385 2 713 466 44 31 0 0 -1
386 1 851 637 150 58 0 0 -1
386 2 713 462 45 30 0 0 -1
387 1 851 642 150 58 0 0 -1
387 2 707 457 50 28 0 0 -1
388 1 851 642 150 58 0 0 -1
388 2 706 449 51 34 0 0 -1
389 1 856 647 150 62 0 0 -1
389 2 707 446 47 33 0 0 -1
390 1 866 647 150 62 0 0 -1
390 2 706 441 44 34 0 0 -1
391 1 876 652 150 62 0 0 -1
391 2 706 438 46 30 0 0 -1
392 1 886 652 150 62 0 0 -1
392 2 709 431 38 39 0 0 -1
393 1 891 657 150 62 0 0 -1
393 2 705 425 43 41 0 0 -1
394 1 891 657 150 62 0 0 -1
394 2 706 425 38 38 0 0 -1
395 1 896 667 150 62 0 0 -1
395 2 703 423 44 35 0 0 -1
396 1 896 667 150 62 0 0 -1
396 2 706 420 38 42 0 0 -1
397 1 901 672 150 62 0 0 -1
397 2 703 419 41 38 0 0 -1
398 1 906 677 147 62 0 0 -1
398 2 706 419 38 36 0 0 -1
399 1 906 682 147 62 0 0 -1
399 2 706 417 39 34 0 0 -1
400 1 911 681 143 62 0 0 -1
400 2 709 416 36 38 0 0 -1
401 1 911 686 143 62 0 0 -1
401 2 710 416 35 33 0 0 -1
402 1 911 691 143 62 0 0 -1
402 2 707 415 43 35 0 0 -1
403 1 911 691 143 62 0 0 -1
403 2 710 414 42 39 0 0 -1
404 1 906 691 143 62 0 0 -1
404 2 713 417 41 34 0 0 -1
405 1 906 691 143 62 0 0 -1
405 2 715 415 42 36 0 0 -1
406 1 906 691 143 62 0 0 -1
406 2 719 414 42 39 0 0 -1
407 1 906 691 143 62 0 0 -1
407 2 724 416 40 37 0 0 -1
408 1 901 691 143 62 0 0 -1
408 2 726 416 41 33 0 0 -1
409 1 901 691 143 62 0 0 -1
409 2 731 415 40 36 0 0 -1
410 1 901 696 138 62 0 0 -1
410 2 733 415 44 35 0 0 -1
411 1 896 696 138 62 0 0 -1
411 2 736 417 47 34 0 0 -1
412 1 896 696 138 62 0 0 -1
412 2 745 416 41 37 0 0 -1
413 1 896 696 138 62 0 0 -1
413 2 749 419 40 35 0 0 -1
414 1 896 701 138 62 0 0 -1
414 2 750 419 45 34 0 0 -1
415 1 891 706 138 62 0 0 -1
415 2 756 419 45 36 0 0 -1
416 1 891 706 138 62 0 0 -1
416 2 764 420 44 35 0 0 -1
417 1 891 712 138 56 0 0 -1
417 2 769 419 44 35 0 0 -1
418 1 891 712 138 56 0 0 -1
418 2 774 421 44 34 0 0 -1
419 1 891 712 138 56 0 0 -1
419 2 781 420 44 37 0 0 -1
420 1 891 712 138 56 0 0 -1
420 2 788 420 44 39 0 0 -1
421 1 894 712 138 56 0 0 -1
421 2 791 421 46 37 0 0 -1
422 1 896 712 138 56 0 0 -1
422 2 801 423 45 32 0 0 -1
423 1 896 712 138 56 0 0 -1
423 2 808 423 46 35 0 0 -1
424 1 896 712 138 56 0 0 -1
424 2 812 424 46 37 0 0 -1
425 1 896 712 138 56 0 0 -1
425 2 821 429 47 30 0 0 -1
426 1 901 707 138 56 0 0 -1
426 2 829 427 42 36 0 0 -1
427 1 906 697 138 56 0 0 -1
427 2 834 431 46 32 0 0 -1
428 1 911 682 138 56 0 0 -1
428 2 843 433 42 35 0 0 -1
429 1 916 662 138 56 0 0 -1
429 2 847 436 49 35 0 0 -1
430 1 916 662 138 56 0 0 -1
430 2 855 441 48 31 0 0 -1
431 1 921 647 138 56 0 0 -1
431 2 864 442 42 38 0 0 -1
432 1 931 637 138 56 0 0 -1
432 2 869 448 46 34 0 0 -1
433 1 936 622 138 56 0 0 -1
433 2 877 454 47 33 0 0 -1
434 1 941 607 138 56 0 0 -1
434 2 888 457 38 32 0 0 -1
435 1 951 597 138 56 0 0 -1
435 2 890 465 47 28 0 0 -1
436 1 951 597 138 56 0 0 -1
436 2 901 470 43 32 0 0 -1
437 1 956 592 138 56 0 0 -1
437 2 906 471 50 37 0 0 -1
438 1 961 592 138 56 0 0 -1
438 2 914 479 48 34 0 0 -1
439 1 961 587 138 56 0 0 -1
439 2 922 488 47 30 0 0 -1
440 1 965 587 133 56 0 0 -1
440 2 931 492 44 33 0 0 -1
441 1 965 582 133 56 0 0 -1
441 2 937 500 46 33 0 0 -1
442 1 965 582 133 56 0 0 -1
442 2 943 509 51 27 0 0 -1
443 1 965 582 133 56 0 0 -1
443 2 951 516 45 26 0 0 -1
444 1 965 587 133 56 0 0 -1
444 2 959 519 41 33 0 0 -1
445 1 955 592 133 56 0 0 -1
445 2 970 527 43 28 0 0 -1
446 1 945 592 133 56 0 0 -1
446 2 974 527 46 34 0 0 -1
447 1 935 597 133 56 0 0 -1
447 2 983 538 43 27 0 0 -1
448 1 935 597 133 56 0 0 -1
448 2 991 543 42 29 0 0 -1
449 1 925 597 133 56 0 0 -1
449 2 996 548 46 29 0 0 -1
450 1 910 602 133 56 0 0 -1
450 2 1002 555 48 27 0 0 -1
451 1 900 602 133 56 0 0 -1
451 2 1008 557 45 28 0 0 -1
452 1 885 602 133 56 0 0 -1
452 2 1012 556 46 37 0 0 -1
453 1 875 602 133 56 0 0 -1
453 2 1020 559 47 39 0 0 -1
454 1 875 602 133 56 0 0 -1
454 2 1028 564 43 35 0 0 -1
455 1 862 597 131 56 0 0 -1
455 2 1036 568 44 35 0 0 -1
456 1 862 597 131 56 0 0 -1
456 2 1045 568 42 38 0 0 -1
457 1 857 597 131 56 0 0 -1
457 2 1054 570 42 40 0 0 -1
458 1 852 587 131 56 0 0 -1
458 2 1059 574 47 36 0 0 -1
459 1 852 572 131 56 0 0 -1
459 2 1071 576 43 35 0 0 -1
460 1 852 572 131 56 0 0 -1
460 2 1079 580 45 34 0 0 -1
461 1 847 562 131 53 0 0 -1
461 2 1089 581 47 33 0 0 -1
462 1 847 547 131 53 0 0 -1
462 2 1100 585 45 30 0 0 -1
463 1 842 542 131 53 0 0 -1
463 2 1109 583 46 29 0 0 -1
464 1 842 537 131 53 0 0 -1
464 2 1122 587 43 23 0 0 -1
465 1 837 537 131 53 0 0 -1
465 2 1127 583 50 29 0 0 -1
466 1 837 537 131 53 0 0 -1
466 2 1140 582 43 28 0 0 -1
467 1 832 537 131 53 0 0 -1
467 2 1149 578 45 30 0 0 -1
468 1 827 537 131 53 0 0 -1
468 2 1162 574 37 32 0 0 -1
469 1 817 537 131 53 0 0 -1
469 2 1166 572 46 28 0 0 -1
470 1 817 532 131 53 0 0 -1
470 2 1174 569 43 30 0 0 -1
471 1 811 527 131 53 0 0 -1
471 2 1183 565 42 32 0 0 -1
472 1 811 527 131 53 0 0 -1
472 2 1187 560 43 34 0 0 -1
473 1 811 522 131 53 0 0 -1
473 2 1195 555 43 35 0 0 -1
474 1 806 517 131 53 0 0 -1
474 2 1200 553 39 33 0 0 -1
475 1 806 512 131 53 0 0 -1
475 2 1206 548 39 30 0 0 -1
476 1 806 507 131 53 0 0 -1
476 2 1209 543 42 31 0 0 -1
477 1 806 502 131 53 0 0 -1
477 2 1212 538 43 30 0 0 -1
478 1 806 487 131 53 0 0 -1
478 2 1215 534 44 30 0 0 -1
479 1 806 487 131 53 0 0 -1
479 2 1216 527 48 30 0 0 -1
480 1 806 477 131 53 0 0 -1
480 2 1224 523 46 29 0 0 -1
481 1 811 467 131 53 0 0 -1
481 2 1223 517 45 26 0 0 -1
482 1 811 452 131 53 0 0 -1
482 2 1230 510 40 26 0 0 -1
483 1 816 437 131 53 0 0 -1
483 2 1230 505 45 28 0 0 -1
484 1 826 422 125 53 0 0 -1
484 2 1234 497 42 28 0 0 -1
485 1 826 422 125 53 0 0 -1
485 2 1237 491 42 28 0 0 -1
486 1 831 412 125 53 0 0 -1
486 2 1236 487 45 25 0 0 -1
487 1 837 411 118 51 0 0 -1
487 2 1245 480 43 30 0 0 -1
488 1 837 401 118 51 0 0 -1
488 2 1243 475 44 29 0 0 -1
489 1 842 396 118 51 0 0 -1
489 2 1246 470 44 30 0 0 -1
490 1 847 391 118 51 0 0 -1
490 2 1251 467 41 25 0 0 -1
491 1 847 391 118 51 0 0 -1
491 2 1251 462 42 29 0 0 -1
492 1 847 391 118 51 0 0 -1
492 2 1255 461 41 26 0 0 -1
493 1 852 386 118 51 0 0 -1
493 2 1259 457 38 26 0 0 -1
494 1 852 381 118 51 0 0 -1
494 2 1259 453 42 30 0 0 -1
495 1 857 376 118 51 0 0 -1
495 2 1262 451 39 29 0 0 -1
496 1 857 376 118 51 0 0 -1
496 2 1266 449 43 27 0 0 -1
497 1 857 376 118 51 0 0 -1
497 2 1272 448 39 27 0 0 -1
498 1 862 373 118 49 0 0 -1
498 2 1267 445 43 30 0 0 -1
499 1 862 371 118 48 0 0 -1
499 2 1275 445 38 29 0 0 -1
500 1 867 371 114 46 0 0 -1
500 2 1276 446 41 26 0 0 -1
501 1 872 366 111 46 0 0 -1
501 2 1280 444 39 26 0 0 -1
502 1 877 361 111 46 0 0 -1
502 2 1283 441 39 30 0 0 -1
503 1 877 361 111 46 0 0 -1
503 2 1284 442 40 30 0 0 -1
504 1 882 358 104 44 0 0 -1
504 2 1288 440 40 32 0 0 -1
505 1 882 353 104 44 0 0 -1
505 2 1292 442 39 32 0 0 -1
506 1 887 348 104 44 0 0 -1
506 2 1296 442 39 32 0 0 -1
507 1 892 343 104 44 0 0 -1
507 2 1298 442 40 32 0 0 -1
508 1 897 338 101 41 0 0 -1
508 2 1305 445 36 29 0 0 -1
509 1 897 338 101 41 0 0 -1
509 2 1309 444 34 28 0 0 -1
510 1 897 328 101 41 0 0 -1
510 2 1317 448 32 27 0 0 -1
511 1 902 318 104 41 0 0 -1
511 2 1319 451 41 24 0 0 -1
512 1 912 308 101 41 0 0 -1
512 2 1321 451 41 23 0 0 -1
513 1 917 303 101 41 0 0 -1
513 2 -100 -100 -100 -100 0 0 -1
514 1 922 293 101 41 0 0 -1
514 2 -100 -100 -100 -100 0 0 -1
515 1 922 293 101 41 0 0 -1
515 2 -100 -100 -100 -100 0 0 -1
516 1 927 288 101 41 0 0 -1
516 2 -100 -100 -100 -100 0 0 -1
517 1 932 283 101 41 0 0 -1
517 2 -100 -100 -100 -100 0 0 -1
518 1 937 278 101 41 0 0 -1
518 2 -100 -100 -100 -100 0 0 -1
519 1 947 268 101 41 0 0 -1
519 2 1356 455 30 23 0 0 -1
520 1 952 263 101 41 0 0 -1
520 2 1364 454 38 24 0 0 -1
521 1 952 263 101 41 0 0 -1
521 2 -100 -100 -100 -100 0 0 -1
522 1 957 253 101 41 0 0 -1
522 2 -100 -100 -100 -100 0 0 -1
523 1 962 248 101 41 0 0 -1
523 2 -100 -100 -100 -100 0 0 -1
524 1 972 243 95 41 0 0 -1
524 2 -100 -100 -100 -100 0 0 -1
525 1 977 238 95 41 0 0 -1
525 2 -100 -100 -100 -100 0 0 -1
526 1 982 233 95 41 0 0 -1
526 2 -100 -100 -100 -100 0 0 -1
527 1 982 233 95 41 0 0 -1
527 2 -100 -100 -100 -100 0 0 -1
528 1 987 228 95 41 0 0 -1
528 2 -100 -100 -100 -100 0 0 -1
529 1 992 218 95 41 0 0 -1
529 2 -100 -100 -100 -100 0 0 -1
530 1 997 213 95 41 0 0 -1
530 2 -100 -100 -100 -100 0 0 -1
531 1 1002 203 95 41 0 0 -1
531 2 -100 -100 -100 -100 0 0 -1
532 1 1007 193 95 41 0 0 -1
532 2 -100 -100 -100 -100 0 0 -1
533 1 1007 193 95 41 0 0 -1
533 2 -100 -100 -100 -100 0 0 -1
534 1 1012 183 95 41 0 0 -1
534 2 -100 -100 -100 -100 0 0 -1
535 1 1021 175 91 37 0 0 -1
535 2 -100 -100 -100 -100 0 0 -1
536 1 1021 165 91 37 0 0 -1
536 2 -100 -100 -100 -100 0 0 -1
537 1 1023 147 91 37 0 0 -1
537 2 -100 -100 -100 -100 0 0 -1
538 1 1028 132 91 37 0 0 -1
538 2 -100 -100 -100 -100 0 0 -1
539 1 1028 132 91 37 0 0 -1
539 2 -100 -100 -100 -100 0 0 -1
540 1 1033 122 91 37 0 0 -1
540 2 -100 -100 -100 -100 0 0 -1
541 1 1029 114 91 37 0 0 -1
541 2 -100 -100 -100 -100 0 0 -1
542 1 1029 109 91 37 0 0 -1
542 2 -100 -100 -100 -100 0 0 -1
543 1 1029 104 91 37 0 0 -1
543 2 -100 -100 -100 -100 0 0 -1
544 1 1024 99 91 37 0 0 -1
544 2 -100 -100 -100 -100 0 0 -1
545 1 1024 99 91 37 0 0 -1
545 2 -100 -100 -100 -100 0 0 -1
546 1 1024 94 91 37 0 0 -1
546 2 -100 -100 -100 -100 0 0 -1
547 1 1024 94 91 37 0 0 -1
547 2 -100 -100 -100 -100 0 0 -1
548 1 1022 97 91 37 0 0 -1
548 2 -100 -100 -100 -100 0 0 -1
549 1 1022 97 91 37 0 0 -1
549 2 -100 -100 -100 -100 0 0 -1
550 1 1027 112 91 37 0 0 -1
550 2 -100 -100 -100 -100 0 0 -1
551 1 1027 112 91 37 0 0 -1
551 2 -100 -100 -100 -100 0 0 -1
552 1 1032 122 91 37 0 0 -1
552 2 -100 -100 -100 -100 0 0 -1
553 1 1032 132 91 37 0 0 -1
553 2 -100 -100 -100 -100 0 0 -1
554 1 1032 147 91 37 0 0 -1
554 2 1322 465 44 18 0 0 -1
555 1 1032 152 91 37 0 0 -1
555 2 1317 461 41 22 0 0 -1
556 1 1027 162 91 37 0 0 -1
556 2 1313 462 40 18 0 0 -1
557 1 1022 162 91 37 0 0 -1
557 2 1305 457 42 18 0 0 -1
558 1 1017 162 91 37 0 0 -1
558 2 1300 450 39 25 0 0 -1
559 1 1017 162 91 37 0 0 -1
559 2 1293 444 42 27 0 0 -1
560 1 1012 162 91 37 0 0 -1
560 2 1287 437 39 33 0 0 -1
561 1 1002 162 91 37 0 0 -1
561 2 1284 437 35 29 0 0 -1
562 1 992 157 91 37 0 0 -1
562 2 1275 431 39 30 0 0 -1
563 1 992 157 91 37 0 0 -1
563 2 1270 423 39 35 0 0 -1
564 1 987 157 91 37 0 0 -1
564 2 1262 421 36 32 0 0 -1
565 1 972 152 91 37 0 0 -1
565 2 1255 417 38 32 0 0 -1
566 1 962 152 91 37 0 0 -1
566 2 1251 411 34 31 0 0 -1
567 1 957 147 91 37 0 0 -1
567 2 1243 407 34 30 0 0 -1
568 1 942 147 91 37 0 0 -1
568 2 1233 402 39 32 0 0 -1
569 1 942 147 91 37 0 0 -1
569 2 1228 399 39 29 0 0 -1
570 1 927 147 91 37 0 0 -1
570 2 1221 399 37 26 0 0 -1
571 1 917 142 91 37 0 0 -1
571 2 1213 395 38 28 0 0 -1
572 1 907 142 91 37 0 0 -1
572 2 1208 393 39 28 0 0 -1
573 1 905 138 88 36 0 0 -1
573 2 1200 391 39 26 0 0 -1
574 1 900 138 88 36 0 0 -1
574 2 1194 387 39 25 0 0 -1
575 1 900 138 88 36 0 0 -1
575 2 1190 383 36 28 0 0 -1
576 1 895 138 88 36 0 0 -1
576 2 1182 378 39 29 0 0 -1
577 1 890 138 88 36 0 0 -1
577 2 1175 374 41 32 0 0 -1
578 1 885 138 88 36 0 0 -1
578 2 1170 373 42 27 0 0 -1
579 1 880 133 88 36 0 0 -1
579 2 1169 368 38 29 0 0 -1
580 1 875 133 88 36 0 0 -1
580 2 1165 365 37 29 0 0 -1
581 1 875 133 88 36 0 0 -1
581 2 1158 356 40 31 0 0 -1
582 1 870 133 88 36 0 0 -1
582 2 1158 353 38 30 0 0 -1
583 1 865 133 88 36 0 0 -1
583 2 1156 349 38 32 0 0 -1
584 1 855 133 88 36 0 0 -1
584 2 1155 346 36 26 0 0 -1
585 1 850 133 88 36 0 0 -1
585 2 1152 339 39 31 0 0 -1
586 1 847 133 81 36 0 0 -1
586 2 1151 335 39 28 0 0 -1
587 1 847 133 81 36 0 0 -1
587 2 1149 330 40 26 0 0 -1
588 1 842 133 81 36 0 0 -1
588 2 1147 322 40 27 0 0 -1
589 1 832 133 81 36 0 0 -1
589 2 1148 321 37 26 0 0 -1
590 1 827 128 81 36 0 0 -1
590 2 1148 314 34 28 0 0 -1
591 1 817 128 81 36 0 0 -1
591 2 1148 312 34 22 0 0 -1
592 1 812 128 81 36 0 0 -1
592 2 1149 305 37 25 0 0 -1
593 1 812 128 81 36 0 0 -1
593 2 1145 302 41 25 0 0 -1
594 1 802 128 81 36 0 0 -1
594 2 1143 297 42 28 0 0 -1
595 1 792 128 81 36 0 0 -1
595 2 1148 292 37 27 0 0 -1
596 1 787 128 81 36 0 0 -1
596 2 1148 288 35 29 0 0 -1
597 1 782 128 81 36 0 0 -1
597 2 1145 283 38 32 0 0 -1
598 1 777 128 81 36 0 0 -1
598 2 1145 281 37 32 0 0 -1
599 1 777 128 81 36 0 0 -1
599 2 1147 278 38 34 0 0 -1
600 1 767 128 81 36 0 0 -1
600 2 1145 276 41 30 0 0 -1
601 1 767 123 69 36 0 0 -1
601 2 1147 272 36 33 0 0 -1
602 1 762 123 69 36 0 0 -1
602 2 1147 271 42 33 0 0 -1
603 1 754 118 69 36 0 0 -1
603 2 1145 267 44 33 0 0 -1
604 1 749 118 69 36 0 0 -1
604 2 1149 267 40 33 0 0 -1
605 1 749 118 69 36 0 0 -1
605 2 1151 267 38 30 0 0 -1
606 1 744 118 69 36 0 0 -1
606 2 1153 264 38 34 0 0 -1
607 1 739 113 69 36 0 0 -1
607 2 1156 262 39 35 0 0 -1
608 1 734 113 69 36 0 0 -1
608 2 1158 263 37 33 0 0 -1
609 1 729 111 69 38 0 0 -1
609 2 1160 262 38 33 0 0 -1
610 1 724 111 69 38 0 0 -1
610 2 1164 259 36 36 0 0 -1
611 1 724 111 69 38 0 0 -1
611 2 1168 259 36 32 0 0 -1
612 1 714 111 69 38 0 0 -1
612 2 1169 258 35 31 0 0 -1
613 1 707 111 71 38 0 0 -1
613 2 1173 257 36 31 0 0 -1
614 1 701 111 72 38 0 0 -1
614 2 1175 254 41 33 0 0 -1
615 1 691 111 72 38 0 0 -1
615 2 1181 255 40 30 0 0 -1
616 1 686 111 72 38 0 0 -1
616 2 1185 254 38 30 0 0 -1
617 1 686 111 72 38 0 0 -1
617 2 1191 251 39 32 0 0 -1
618 1 681 111 72 38 0 0 -1
618 2 1194 253 42 27 0 0 -1
619 1 671 111 72 38 0 0 -1
619 2 1198 250 44 31 0 0 -1
620 1 666 106 72 38 0 0 -1
620 2 1206 251 41 28 0 0 -1
621 1 661 106 72 38 0 0 -1
621 2 1208 247 45 32 0 0 -1
622 1 656 101 72 38 0 0 -1
622 2 1215 247 41 29 0 0 -1
623 1 651 101 72 38 0 0 -1
623 2 1224 247 36 29 0 0 -1
624 1 646 101 72 38 0 0 -1
624 2 1226 246 42 29 0 0 -1
625 1 635 99 78 38 0 0 -1
625 2 1236 245 39 29 0 0 -1
626 1 630 99 78 38 0 0 -1
626 2 1239 242 41 30 0 0 -1
627 1 625 94 78 38 0 0 -1
627 2 1247 241 36 29 0 0 -1
628 1 615 94 78 38 0 0 -1
628 2 1254 242 38 29 0 0 -1
629 1 615 94 78 38 0 0 -1
629 2 1260 238 42 32 0 0 -1
630 1 605 94 78 38 0 0 -1
630 2 1266 236 41 34 0 0 -1
631 1 600 94 78 38 0 0 -1
631 2 1273 238 41 26 0 0 -1
632 1 594 91 82 41 0 0 -1
632 2 1281 234 38 30 0 0 -1
633 1 584 91 82 41 0 0 -1
633 2 1288 232 38 31 0 0 -1
634 1 579 91 82 41 0 0 -1
634 2 1293 228 39 36 0 0 -1
635 1 579 91 82 41 0 0 -1
635 2 1298 227 41 34 0 0 -1
636 1 574 91 82 41 0 0 -1
636 2 1306 225 38 37 0 0 -1
637 1 564 93 84 39 0 0 -1
637 2 1310 227 38 34 0 0 -1
638 1 559 93 84 39 0 0 -1
638 2 1318 224 37 34 0 0 -1
639 1 549 98 84 39 0 0 -1
639 2 1323 223 38 35 0 0 -1
640 1 544 98 84 39 0 0 -1
640 2 1327 223 41 35 0 0 -1
641 1 539 98 84 39 0 0 -1
641 2 1334 223 40 34 0 0 -1
642 1 539 98 84 39 0 0 -1
642 2 1336 219 39 35 0 0 -1
643 1 529 103 84 39 0 0 -1
643 2 1343 219 38 34 0 0 -1
644 1 519 105 84 39 0 0 -1
644 2 1347 219 38 34 0 0 -1
645 1 514 105 84 39 0 0 -1
645 2 1349 216 43 37 0 0 -1
646 1 504 110 84 39 0 0 -1
646 2 1355 216 39 35 0 0 -1
647 1 494 110 84 39 0 0 -1
647 2 1357 217 39 34 0 0 -1
648 1 494 112 84 39 0 0 -1
648 2 1362 220 37 34 0 0 -1
649 1 485 116 88 40 0 0 -1
649 2 1365 219 38 36 0 0 -1
650 1 475 116 88 40 0 0 -1
650 2 1372 219 39 34 0 0 -1
651 1 466 121 88 40 0 0 -1
651 2 1373 220 42 33 0 0 -1
652 1 456 126 88 40 0 0 -1
652 2 1379 223 37 35 0 0 -1
653 1 451 126 88 40 0 0 -1
653 2 1382 225 37 32 0 0 -1
654 1 451 126 88 40 0 0 -1
654 2 1385 228 40 35 0 0 -1
655 1 441 126 88 40 0 0 -1
655 2 1387 230 42 34 0 0 -1
656 1 431 131 88 40 0 0 -1
656 2 1392 234 38 33 0 0 -1
657 1 426 131 88 40 0 0 -1
657 2 1394 237 43 30 0 0 -1
658 1 416 136 88 40 0 0 -1
658 2 1400 241 38 27 0 0 -1
659 1 406 136 88 40 0 0 -1
659 2 1400 244 42 30 0 0 -1
660 1 406 136 88 40 0 0 -1
660 2 1403 245 42 29 0 0 -1
661 1 401 141 88 40 0 0 -1
661 2 1407 250 43 22 0 0 -1
662 1 391 141 88 40 0 0 -1
662 2 1412 250 41 28 0 0 -1
663 1 386 141 88 40 0 0 -1
663 2 1412 251 42 24 0 0 -1
664 1 381 146 88 40 0 0 -1
664 2 1416 251 41 27 0 0 -1
665 1 372 150 88 40 0 0 -1
665 2 1415 251 48 28 0 0 -1
666 1 372 150 88 40 0 0 -1
666 2 1421 251 45 28 0 0 -1
667 1 367 150 88 40 0 0 -1
667 2 1426 251 37 23 0 0 -1
668 1 357 155 88 40 0 0 -1
668 2 1429 250 39 24 0 0 -1
669 1 352 155 88 40 0 0 -1
669 2 1432 249 42 23 0 0 -1
670 1 347 155 88 40 0 0 -1
670 2 1433 246 46 24 0 0 -1
671 1 342 160 88 40 0 0 -1
671 2 1437 242 44 30 0 0 -1
672 1 342 160 88 40 0 0 -1
672 2 1441 240 44 27 0 0 -1
673 1 337 160 88 40 0 0 -1
673 2 1438 241 47 25 0 0 -1
674 1 332 160 88 40 0 0 -1
674 2 1445 238 44 24 0 0 -1
675 1 327 160 88 40 0 0 -1
675 2 1445 233 44 26 0 0 -1
676 1 322 165 88 40 0 0 -1
676 2 1450 232 43 25 0 0 -1
677 1 317 165 88 40 0 0 -1
677 2 1450 229 47 22 0 0 -1
678 1 317 165 88 40 0 0 -1
678 2 1454 223 47 28 0 0 -1
679 1 307 165 88 40 0 0 -1
679 2 1458 220 47 27 0 0 -1
680 1 307 165 88 40 0 0 -1
680 2 1463 217 47 30 0 0 -1
681 1 302 170 88 40 0 0 -1
681 2 1464 216 47 26 0 0 -1
682 1 297 175 88 40 0 0 -1
682 2 1471 211 39 29 0 0 -1
683 1 292 175 88 40 0 0 -1
683 2 1474 207 43 27 0 0 -1
684 1 292 175 88 40 0 0 -1
684 2 1474 202 45 31 0 0 -1
685 1 287 175 88 40 0 0 -1
685 2 1476 198 49 30 0 0 -1
686 1 282 175 88 40 0 0 -1
686 2 1484 195 44 28 0 0 -1
687 1 277 175 88 40 0 0 -1
687 2 1489 194 42 26 0 0 -1
688 1 277 175 88 40 0 0 -1
688 2 1488 189 47 28 0 0 -1
689 1 272 180 88 40 0 0 -1
689 2 1494 183 46 33 0 0 -1
690 1 272 180 88 40 0 0 -1
690 2 1502 179 41 34 0 0 -1
691 1 267 180 88 40 0 0 -1
691 2 1500 178 47 37 0 0 -1
692 1 262 180 88 40 0 0 -1
692 2 1505 176 46 35 0 0 -1
693 1 257 180 88 40 0 0 -1
693 2 1511 173 40 36 0 0 -1
694 1 257 180 88 40 0 0 -1
694 2 1513 172 43 38 0 0 -1
695 1 252 175 88 40 0 0 -1
695 2 1515 168 49 40 0 0 -1
696 1 252 175 88 40 0 0 -1
696 2 1518 170 47 37 0 0 -1
697 1 247 175 88 40 0 0 -1
697 2 1525 170 44 36 0 0 -1
698 1 247 175 88 40 0 0 -1
698 2 1528 172 46 35 0 0 -1
699 1 247 175 88 40 0 0 -1
699 2 1532 170 45 38 0 0 -1
700 1 242 175 88 40 0 0 -1
700 2 1536 173 45 35 0 0 -1
701 1 237 175 88 40 0 0 -1
701 2 1536 170 51 42 0 0 -1
702 1 237 175 88 40 0 0 -1
702 2 1542 174 48 38 0 0 -1
703 1 237 175 88 40 0 0 -1
703 2 1544 174 47 39 0 0 -1
704 1 237 175 88 40 0 0 -1
704 2 1547 173 49 42 0 0 -1
705 1 237 175 88 40 0 0 -1
705 2 1553 177 49 36 0 0 -1
706 1 237 175 88 40 0 0 -1
706 2 1556 177 47 40 0 0 -1
707 1 237 175 88 40 0 0 -1
707 2 1559 178 51 39 0 0 -1
708 1 237 175 88 40 0 0 -1
708 2 1562 181 49 38 0 0 -1
709 1 237 175 88 40 0 0 -1
709 2 1566 181 47 35 0 0 -1
710 1 232 175 88 40 0 0 -1
710 2 1569 181 46 42 0 0 -1
711 1 237 175 88 40 0 0 -1
711 2 1572 181 43 40 0 0 -1
712 1 237 175 88 40 0 0 -1
712 2 1568 179 47 45 0 0 -1
713 1 232 175 88 40 0 0 -1
713 2 1568 182 47 42 0 0 -1
714 1 232 175 88 40 0 0 -1
714 2 1570 182 43 41 0 0 -1
715 1 232 175 88 40 0 0 -1
715 2 1570 179 41 46 0 0 -1
716 1 232 180 88 40 0 0 -1
716 2 1566 179 47 42 0 0 -1
717 1 232 185 88 40 0 0 -1
717 2 1564 182 44 42 0 0 -1
718 1 232 190 88 40 0 0 -1
718 2 1559 179 51 42 0 0 -1
719 1 227 195 88 40 0 0 -1
719 2 1553 176 50 48 0 0 -1
720 1 227 195 88 40 0 0 -1
720 2 1549 177 54 42 0 0 -1
721 1 217 195 88 40 0 0 -1
721 2 1548 177 51 40 0 0 -1
722 1 217 200 88 40 0 0 -1
722 2 1547 173 47 42 0 0 -1
723 1 218 200 80 40 0 0 -1
723 2 1543 172 44 44 0 0 -1
724 1 213 200 80 40 0 0 -1
724 2 1536 174 49 39 0 0 -1
725 1 213 200 80 40 0 0 -1
725 2 1527 174 50 42 0 0 -1
726 1 213 200 80 40 0 0 -1
726 2 1522 174 51 38 0 0 -1
727 1 208 200 80 40 0 0 -1
727 2 1522 170 44 42 0 0 -1
728 1 203 200 80 40 0 0 -1
728 2 1517 174 44 38 0 0 -1
729 1 198 200 80 40 0 0 -1
729 2 1510 172 46 39 0 0 -1
730 1 202 200 70 40 0 0 -1
730 2 1502 170 45 40 0 0 -1
731 1 202 200 70 40 0 0 -1
731 2 1493 174 49 38 0 0 -1
732 1 202 200 70 40 0 0 -1
732 2 1488 170 46 41 0 0 -1
733 1 197 195 70 40 0 0 -1
733 2 1483 170 45 40 0 0 -1
734 1 192 195 70 40 0 0 -1
734 2 1479 172 44 38 0 0 -1
735 1 187 195 70 40 0 0 -1
735 2 1471 169 47 41 0 0 -1
736 1 187 195 70 40 0 0 -1
736 2 1463 170 47 38 0 0 -1
737 1 182 200 70 40 0 0 -1
737 2 1457 168 48 42 0 0 -1
738 1 182 200 70 40 0 0 -1
738 2 1451 174 43 34 0 0 -1
739 1 177 200 70 40 0 0 -1
739 2 1443 172 48 38 0 0 -1
740 1 177 205 70 40 0 0 -1
740 2 1438 176 43 36 0 0 -1
741 1 172 205 70 40 0 0 -1
741 2 1428 172 47 40 0 0 -1
742 1 172 205 70 40 0 0 -1
742 2 1420 176 50 37 0 0 -1
743 1 167 210 70 40 0 0 -1
743 2 1412 173 46 42 0 0 -1
744 1 167 210 70 40 0 0 -1
744 2 1407 177 44 36 0 0 -1
745 1 167 210 70 40 0 0 -1
745 2 1400 178 42 39 0 0 -1
746 1 167 215 70 40 0 0 -1
746 2 1390 179 44 41 0 0 -1
747 1 167 215 70 40 0 0 -1
747 2 1385 183 43 40 0 0 -1
748 1 167 225 70 40 0 0 -1
748 2 1377 187 43 37 0 0 -1
749 1 167 230 70 40 0 0 -1
749 2 1368 189 45 39 0 0 -1
750 1 167 230 70 40 0 0 -1
750 2 1361 194 43 34 0 0 -1
751 1 167 230 70 40 0 0 -1
751 2 1353 198 46 36 0 0 -1
752 1 167 235 70 40 0 0 -1
752 2 1347 204 44 34 0 0 -1
753 1 172 240 70 40 0 0 -1
753 2 1339 210 47 34 0 0 -1
754 1 172 245 70 40 0 0 -1
754 2 1330 212 52 35 0 0 -1
755 1 172 250 70 40 0 0 -1
755 2 1323 216 47 38 0 0 -1
756 1 172 250 70 40 0 0 -1
756 2 1318 224 46 31 0 0 -1
757 1 172 259 75 40 0 0 -1
757 2 1313 229 45 33 0 0 -1
758 1 172 259 75 40 0 0 -1
758 2 1309 234 44 36 0 0 -1
759 1 172 269 75 40 0 0 -1
759 2 1298 238 47 40 0 0 -1
760 1 172 269 75 40 0 0 -1
760 2 1293 246 46 35 0 0 -1
761 1 172 274 75 40 0 0 -1
761 2 1288 253 43 34 0 0 -1
762 1 172 274 75 40 0 0 -1
762 2 1283 257 48 39 0 0 -1
763 1 172 279 75 40 0 0 -1
763 2 1277 262 47 40 0 0 -1
764 1 177 284 75 40 0 0 -1
764 2 1273 270 45 39 0 0 -1
765 1 177 284 75 40 0 0 -1
765 2 1268 274 49 43 0 0 -1
766 1 177 284 75 40 0 0 -1
766 2 1266 283 45 35 0 0 -1
767 1 177 284 75 40 0 0 -1
767 2 1259 288 51 41 0 0 -1
768 1 177 289 75 40 0 0 -1
768 2 1258 295 47 37 0 0 -1
769 1 170 290 82 40 0 0 -1
769 2 1255 300 49 42 0 0 -1
770 1 170 290 82 40 0 0 -1
770 2 1255 310 47 36 0 0 -1
771 1 170 295 82 40 0 0 -1
771 2 1251 314 49 40 0 0 -1
772 1 170 295 82 40 0 0 -1
772 2 1251 325 46 32 0 0 -1
773 1 170 295 82 40 0 0 -1
773 2 1250 332 47 34 0 0 -1
774 1 170 295 82 40 0 0 -1
774 2 1249 340 48 33 0 0 -1
775 1 170 295 82 40 0 0 -1
775 2 1245 347 51 31 0 0 -1
776 1 170 295 82 40 0 0 -1
776 2 1243 352 53 31 0 0 -1
777 1 170 295 82 40 0 0 -1
777 2 1246 360 48 27 0 0 -1
778 1 170 295 82 40 0 0 -1
778 2 1246 365 46 32 0 0 -1
779 1 170 295 82 40 0 0 -1
779 2 1245 369 45 31 0 0 -1
780 1 170 295 82 40 0 0 -1
780 2 1246 376 50 30 0 0 -1
781 1 170 295 82 40 0 0 -1
781 2 1245 380 47 32 0 0 -1
782 1 170 295 82 40 0 0 -1
782 2 1243 385 53 32 0 0 -1
783 1 170 295 82 40 0 0 -1
783 2 1247 387 49 32 0 0 -1
784 1 170 295 82 40 0 0 -1
784 2 1246 391 48 30 0 0 -1
785 1 170 295 82 40 0 0 -1
785 2 1250 395 46 32 0 0 -1
786 1 170 295 82 40 0 0 -1
786 2 1251 398 43 31 0 0 -1
787 1 170 295 82 40 0 0 -1
787 2 1250 403 47 29 0 0 -1
788 1 175 295 82 40 0 0 -1
788 2 1253 402 47 31 0 0 -1
789 1 175 300 82 40 0 0 -1
789 2 1250 404 48 33 0 0 -1
790 1 180 300 82 40 0 0 -1
790 2 1253 406 47 34 0 0 -1
791 1 180 305 82 40 0 0 -1
791 2 1253 408 47 30 0 0 -1
792 1 180 305 82 40 0 0 -1
792 2 1255 408 43 33 0 0 -1
793 1 180 305 82 40 0 0 -1
793 2 1255 410 45 30 0 0 -1
794 1 185 305 82 40 0 0 -1
794 2 1255 410 45 32 0 0 -1
795 1 185 310 82 40 0 0 -1
795 2 1253 410 47 34 0 0 -1
796 1 185 310 82 40 0 0 -1
796 2 1253 410 44 35 0 0 -1
797 1 190 310 82 40 0 0 -1
797 2 1250 411 51 30 0 0 -1
798 1 190 310 82 40 0 0 -1
798 2 1253 411 47 31 0 0 -1
799 1 190 315 82 40 0 0 -1
799 2 1253 412 45 30 0 0 -1
800 1 195 310 82 40 0 0 -1
800 2 1251 414 46 28 0 0 -1
801 1 195 310 82 40 0 0 -1
801 2 1251 411 47 31 0 0 -1
802 1 200 315 82 40 0 0 -1
802 2 1253 412 49 29 0 0 -1
803 1 200 315 82 40 0 0 -1
803 2 1253 412 45 32 0 0 -1
804 1 205 315 82 40 0 0 -1
804 2 1254 412 42 30 0 0 -1
805 1 205 315 82 40 0 0 -1
805 2 1250 410 48 34 0 0 -1
806 1 210 315 82 40 0 0 -1
806 2 1250 407 46 37 0 0 -1
807 1 210 315 82 40 0 0 -1
807 2 1250 407 46 38 0 0 -1
808 1 215 315 82 40 0 0 -1
808 2 1250 407 43 38 0 0 -1
809 1 215 315 82 40 0 0 -1
809 2 1249 407 41 39 0 0 -1
810 1 220 320 82 40 0 0 -1
810 2 1247 404 46 44 0 0 -1
811 1 220 315 82 40 0 0 -1
811 2 1245 407 43 39 0 0 -1
812 1 220 315 82 40 0 0 -1
812 2 1242 407 45 42 0 0 -1
813 1 220 320 82 40 0 0 -1
813 2 1241 408 44 40 0 0 -1
814 1 225 315 82 40 0 0 -1
814 2 1238 408 41 37 0 0 -1
815 1 230 315 82 40 0 0 -1
815 2 1233 406 43 44 0 0 -1
816 1 230 315 82 40 0 0 -1
816 2 1229 408 43 37 0 0 -1
817 1 230 315 83 40 0 0 -1
817 2 1224 408 43 37 0 0 -1
818 1 235 315 83 40 0 0 -1
818 2 1221 407 39 38 0 0 -1
819 1 235 315 83 40 0 0 -1
819 2 1215 410 43 36 0 0 -1
820 1 240 315 83 40 0 0 -1
820 2 1209 406 42 38 0 0 -1
821 1 240 315 83 40 0 0 -1
821 2 1202 408 45 40 0 0 -1
822 1 245 315 83 40 0 0 -1
822 2 1196 410 43 35 0 0 -1
823 1 245 315 83 40 0 0 -1
823 2 1191 410 41 38 0 0 -1
824 1 250 315 83 40 0 0 -1
824 2 1185 408 41 38 0 0 -1
825 1 255 315 83 40 0 0 -1
825 2 1178 410 43 34 0 0 -1
826 1 255 310 83 40 0 0 -1
826 2 1169 412 44 32 0 0 -1
827 1 260 310 83 40 0 0 -1
827 2 1165 414 43 31 0 0 -1
828 1 270 310 83 40 0 0 -1
828 2 1155 414 47 33 0 0 -1
829 1 270 310 83 40 0 0 -1
829 2 1149 416 45 26 0 0 -1
830 1 275 310 83 40 0 0 -1
830 2 1141 417 46 32 0 0 -1
831 1 275 310 83 40 0 0 -1
831 2 1134 421 49 27 0 0 -1
832 1 285 310 83 40 0 0 -1
832 2 1127 421 50 32 0 0 -1
833 1 290 310 83 40 0 0 -1
833 2 1122 425 47 26 0 0 -1
834 1 295 305 83 40 0 0 -1
834 2 1117 424 47 30 0 0 -1
835 1 295 305 83 40 0 0 -1
835 2 1113 425 44 33 0 0 -1
836 1 300 305 83 40 0 0 -1
836 2 1105 425 44 32 0 0 -1
837 1 305 305 83 40 0 0 -1
837 2 1102 431 46 26 0 0 -1
838 1 310 305 83 40 0 0 -1
838 2 1094 432 46 26 0 0 -1
839 1 315 305 83 40 0 0 -1
839 2 1089 431 47 28 0 0 -1
840 1 325 305 83 40 0 0 -1
840 2 1084 434 48 28 0 0 -1
841 1 325 305 83 40 0 0 -1
841 2 1083 436 48 25 0 0 -1
842 1 330 305 83 40 0 0 -1
842 2 1079 434 48 28 0 0 -1
843 1 335 305 83 40 0 0 -1
843 2 1075 436 47 25 0 0 -1
844 1 340 305 83 40 0 0 -1
844 2 1070 434 45 23 0 0 -1
845 1 345 310 83 40 0 0 -1
845 2 1063 433 47 24 0 0 -1
846 1 355 310 83 40 0 0 -1
846 2 1062 431 45 26 0 0 -1
847 1 355 310 83 40 0 0 -1
847 2 1055 428 50 26 0 0 -1
848 1 355 310 83 40 0 0 -1
848 2 1054 424 44 29 0 0 -1
849 1 360 310 83 40 0 0 -1
849 2 1049 423 44 30 0 0 -1
850 1 365 310 83 40 0 0 -1
850 2 1045 423 51 30 0 0 -1
851 1 370 320 83 40 0 0 -1
851 2 1041 420 46 28 0 0 -1
852 1 375 320 83 40 0 0 -1
852 2 1036 419 51 26 0 0 -1
853 1 375 320 83 40 0 0 -1
853 2 1034 416 46 25 0 0 -1
854 1 384 325 74 40 0 0 -1
854 2 1028 414 51 28 0 0 -1
855 1 384 330 74 40 0 0 -1
855 2 1028 411 45 27 0 0 -1
856 1 384 335 74 40 0 0 -1
856 2 1022 407 45 29 0 0 -1
857 1 389 340 74 40 0 0 -1
857 2 1017 406 49 28 0 0 -1
858 1 389 340 74 40 0 0 -1
858 2 1015 403 47 26 0 0 -1
859 1 389 340 74 40 0 0 -1
859 2 1011 400 47 25 0 0 -1
860 1 394 345 74 40 0 0 -1
860 2 1007 398 44 26 0 0 -1
861 1 399 350 74 40 0 0 -1
861 2 1002 394 45 26 0 0 -1
862 1 404 355 74 40 0 0 -1
862 2 999 391 46 28 0 0 -1
863 1 409 360 74 40 0 0 -1
863 2 996 386 45 28 0 0 -1
864 1 409 365 74 40 0 0 -1
864 2 988 383 50 25 0 0 -1
865 1 409 370 74 40 0 0 -1
865 2 986 382 47 26 0 0 -1
866 1 419 375 74 40 0 0 -1
866 2 978 380 50 30 0 0 -1
867 1 419 380 74 40 0 0 -1
867 2 975 380 50 26 0 0 -1
868 1 424 380 74 40 0 0 -1
868 2 974 377 46 27 0 0 -1
869 1 431 388 74 40 0 0 -1
869 2 968 374 47 32 0 0 -1
870 1 436 393 74 40 0 0 -1
870 2 962 378 49 25 0 0 -1
871 1 436 393 74 40 0 0 -1
871 2 954 377 57 29 0 0 -1
872 1 441 398 74 40 0 0 -1
872 2 954 377 50 27 0 0 -1
873 1 446 403 74 40 0 0 -1
873 2 948 378 52 30 0 0 -1
874 1 456 408 74 40 0 0 -1
874 2 944 380 52 28 0 0 -1
875 1 461 413 74 40 0 0 -1
875 2 937 382 53 30 0 0 -1
876 1 471 418 74 40 0 0 -1
876 2 939 386 49 28 0 0 -1
877 1 471 418 74 40 0 0 -1
877 2 928 386 58 31 0 0 -1
878 1 476 423 74 40 0 0 -1
878 2 924 383 58 36 0 0 -1
879 1 481 428 74 40 0 0 -1
879 2 920 386 58 35 0 0 -1
880 1 491 433 74 40 0 0 -1
880 2 918 390 57 38 0 0 -1
881 1 491 443 74 40 0 0 -1
881 2 911 390 60 42 0 0 -1
882 1 501 443 74 40 0 0 -1
882 2 906 393 63 43 0 0 -1
883 1 501 443 74 40 0 0 -1
883 2 900 398 61 39 0 0 -1
884 1 506 453 74 40 0 0 -1
884 2 901 402 57 43 0 0 -1
885 1 516 458 74 40 0 0 -1
885 2 897 407 59 42 0 0 -1
886 1 521 463 74 40 0 0 -1
886 2 893 408 60 46 0 0 -1
887 1 526 468 74 40 0 0 -1
887 2 888 412 59 46 0 0 -1
888 1 536 473 74 40 0 0 -1
888 2 886 419 58 39 0 0 -1
889 1 536 473 74 40 0 0 -1
889 2 884 423 60 47 0 0 -1
890 1 541 483 74 40 0 0 -1
890 2 880 432 63 42 0 0 -1
891 1 546 488 74 40 0 0 -1
891 2 880 436 60 47 0 0 -1
892 1 556 488 74 40 0 0 -1
892 2 875 444 61 40 0 0 -1
893 1 566 493 74 40 0 0 -1
893 2 876 448 60 43 0 0 -1
894 1 576 498 74 40 0 0 -1
894 2 873 455 66 40 0 0 -1
895 1 576 498 74 40 0 0 -1
895 2 869 461 67 36 0 0 -1
896 1 581 503 74 40 0 0 -1
896 2 871 470 62 31 0 0 -1
897 1 586 513 74 40 0 0 -1
897 2 870 475 66 33 0 0 -1
898 1 596 513 74 40 0 0 -1
898 2 869 480 65 37 0 0 -1
899 1 601 523 74 40 0 0 -1
899 2 869 484 65 34 0 0 -1
900 1 606 528 74 40 0 0 -1
900 2 869 487 65 36 0 0 -1
901 1 606 528 74 40 0 0 -1
901 2 867 489 63 33 0 0 -1
902 1 616 533 74 40 0 0 -1
902 2 865 495 65 31 0 0 -1
903 1 621 538 74 40 0 0 -1
903 2 867 496 61 29 0 0 -1
904 1 626 543 74 40 0 0 -1
904 2 866 495 62 34 0 0 -1
905 1 631 543 74 40 0 0 -1
905 2 867 495 63 36 0 0 -1
906 1 646 548 74 40 0 0 -1
906 2 864 496 63 33 0 0 -1
907 1 646 548 74 40 0 0 -1
907 2 864 493 62 37 0 0 -1
908 1 651 548 74 40 0 0 -1
908 2 864 495 64 30 0 0 -1
909 1 656 553 74 40 0 0 -1
909 2 866 496 61 30 0 0 -1
910 1 661 553 74 40 0 0 -1
910 2 866 492 61 35 0 0 -1
911 1 671 555 74 40 0 0 -1
911 2 864 493 63 32 0 0 -1
912 1 675 558 74 40 0 0 -1
912 2 863 489 65 34 0 0 -1
913 1 675 558 74 40 0 0 -1
913 2 863 489 68 34 0 0 -1
914 1 685 563 74 40 0 0 -1
914 2 863 487 64 35 0 0 -1
915 1 695 563 74 40 0 0 -1
915 2 863 487 64 34 0 0 -1
916 1 700 568 74 40 0 0 -1
916 2 863 484 63 35 0 0 -1
917 1 705 568 74 40 0 0 -1
917 2 862 484 62 34 0 0 -1
918 1 710 568 74 40 0 0 -1
918 2 860 484 68 31 0 0 -1
919 1 710 568 74 40 0 0 -1
919 2 863 483 61 31 0 0 -1
920 1 715 568 74 40 0 0 -1
920 2 862 479 65 34 0 0 -1
921 1 725 568 74 40 0 0 -1
921 2 863 482 65 31 0 0 -1
922 1 730 568 74 40 0 0 -1
922 2 862 480 62 30 0 0 -1
923 1 740 568 74 40 0 0 -1
923 2 862 480 65 32 0 0 -1
924 1 745 568 74 40 0 0 -1
924 2 860 480 66 34 0 0 -1
925 1 745 573 74 40 0 0 -1
925 2 860 482 67 34 0 0 -1
926 1 750 568 74 40 0 0 -1
926 2 860 480 64 34 0 0 -1
927 1 760 568 74 40 0 0 -1
927 2 860 483 63 34 0 0 -1
928 1 765 568 74 40 0 0 -1
928 2 860 482 64 32 0 0 -1
929 1 775 568 74 40 0 0 -1
929 2 860 484 67 33 0 0 -1
930 1 780 568 74 40 0 0 -1
930 2 858 484 64 32 0 0 -1
931 1 780 568 74 40 0 0 -1
931 2 860 485 62 29 0 0 -1
932 1 790 573 74 40 0 0 -1
932 2 859 483 60 34 0 0 -1
933 1 795 573 74 40 0 0 -1
933 2 862 480 61 36 0 0 -1
934 1 805 568 74 40 0 0 -1
934 2 862 480 64 34 0 0 -1
935 1 810 573 74 40 0 0 -1
935 2 859 478 65 39 0 0 -1
936 1 815 572 79 36 0 0 -1
936 2 862 479 65 37 0 0 -1
937 1 815 572 79 36 0 0 -1
937 2 862 476 62 38 0 0 -1
938 1 825 572 79 36 0 0 -1
938 2 862 476 62 34 0 0 -1
939 1 830 567 79 36 0 0 -1
939 2 864 474 63 36 0 0 -1
940 1 840 562 79 36 0 0 -1
940 2 864 472 67 33 0 0 -1
941 1 845 562 79 36 0 0 -1
941 2 866 472 64 33 0 0 -1
942 1 855 557 79 36 0 0 -1
942 2 868 470 62 32 0 0 -1
943 1 855 557 79 36 0 0 -1
943 2 868 467 68 32 0 0 -1
944 1 860 552 79 36 0 0 -1
944 2 873 463 66 33 0 0 -1
945 1 870 547 79 36 0 0 -1
945 2 869 461 71 30 0 0 -1
946 1 875 547 79 36 0 0 -1
946 2 875 458 69 31 0 0 -1
947 1 885 542 79 36 0 0 -1
947 2 875 453 65 32 0 0 -1
948 1 895 542 79 36 0 0 -1
948 2 876 450 69 34 0 0 -1
949 1 895 542 79 36 0 0 -1
949 2 881 446 72 32 0 0 -1
950 1 905 542 79 36 0 0 -1
950 2 883 438 69 37 0 0 -1
951 1 910 537 79 36 0 0 -1
951 2 885 437 72 35 0 0 -1
952 1 920 537 79 36 0 0 -1
952 2 888 428 70 38 0 0 -1
953 1 925 532 79 36 0 0 -1
953 2 890 424 68 38 0 0 -1
954 1 930 532 79 36 0 0 -1
954 2 892 420 72 39 0 0 -1
955 1 935 532 79 36 0 0 -1
955 2 894 416 72 41 0 0 -1
956 1 940 532 79 36 0 0 -1
956 2 894 412 72 42 0 0 -1
957 1 945 527 79 36 0 0 -1
957 2 896 410 74 43 0 0 -1
958 1 955 527 79 36 0 0 -1
958 2 900 410 70 43 0 0 -1
959 1 960 522 79 36 0 0 -1
959 2 900 408 74 45 0 0 -1
960 1 965 512 79 36 0 0 -1
960 2 903 407 71 44 0 0 -1
961 1 970 507 79 36 0 0 -1
961 2 903 408 75 45 0 0 -1
962 1 970 507 79 36 0 0 -1
962 2 907 407 75 46 0 0 -1
963 1 975 497 79 36 0 0 -1
963 2 907 410 74 43 0 0 -1
964 1 983 497 79 36 0 0 -1
964 2 909 413 76 44 0 0 -1
965 1 983 487 79 36 0 0 -1
965 2 911 416 75 46 0 0 -1
966 1 988 482 79 36 0 0 -1
966 2 911 420 76 45 0 0 -1
967 1 988 472 79 36 0 0 -1
967 2 913 423 78 47 0 0 -1
968 1 993 472 79 36 0 0 -1
968 2 917 427 73 48 0 0 -1
969 1 993 472 79 36 0 0 -1
969 2 920 432 72 48 0 0 -1
970 1 998 462 79 36 0 0 -1
970 2 919 440 73 45 0 0 -1
971 1 1003 457 79 36 0 0 -1
971 2 920 445 74 47 0 0 -1
972 1 1003 452 79 36 0 0 -1
972 2 922 450 74 50 0 0 -1
973 1 1008 452 79 36 0 0 -1
973 2 922 458 78 44 0 0 -1
974 1 1008 452 79 36 0 0 -1
974 2 924 462 76 48 0 0 -1
975 1 1008 442 79 36 0 0 -1
975 2 924 472 79 44 0 0 -1
976 1 1013 442 79 36 0 0 -1
976 2 927 476 78 45 0 0 -1
977 1 1013 437 79 36 0 0 -1
977 2 927 482 77 44 0 0 -1
978 1 1018 432 79 36 0 0 -1
978 2 926 491 79 40 0 0 -1
979 1 1018 432 79 36 0 0 -1
979 2 928 495 81 41 0 0 -1
980 1 1018 427 79 36 0 0 -1
980 2 928 501 81 39 0 0 -1
981 1 1018 422 79 36 0 0 -1
981 2 931 504 78 42 0 0 -1
982 1 1018 417 79 36 0 0 -1
982 2 930 508 78 40 0 0 -1
983 1 1023 412 79 36 0 0 -1
983 2 932 510 75 38 0 0 -1
984 1 1023 407 79 36 0 0 -1
984 2 929 513 83 36 0 0 -1
985 1 1028 402 79 36 0 0 -1
985 2 934 517 77 35 0 0 -1
986 1 1028 402 79 36 0 0 -1
986 2 935 517 80 36 0 0 -1
987 1 1028 397 79 36 0 0 -1
987 2 936 519 76 36 0 0 -1
988 1 1028 392 79 36 0 0 -1
988 2 935 518 77 37 0 0 -1
989 1 1028 387 79 36 0 0 -1
989 2 939 516 77 37 0 0 -1
990 1 1028 382 79 36 0 0 -1
990 2 939 514 78 38 0 0 -1
991 1 1028 377 79 36 0 0 -1
991 2 944 514 72 37 0 0 -1
992 1 1028 377 79 36 0 0 -1
992 2 944 512 77 41 0 0 -1
993 1 1023 372 79 36 0 0 -1
993 2 943 510 79 38 0 0 -1
994 1 1023 367 79 36 0 0 -1
994 2 948 510 78 38 0 0 -1
995 1 1018 357 79 36 0 0 -1
995 2 948 507 80 36 0 0 -1
996 1 1013 352 79 36 0 0 -1
996 2 951 504 82 40 0 0 -1
997 1 1008 347 79 36 0 0 -1
997 2 954 501 83 38 0 0 -1
998 1 1008 347 79 36 0 0 -1
998 2 957 500 80 35 0 0 -1
999 1 1003 342 79 36 0 0 -1
999 2 960 497 85 36 0 0 -1
1000 1 998 342 79 36 0 0 -1
1000 2 966 492 80 34 0 0 -1
1001 1 993 337 79 36 0 0 -1
1001 2 968 485 83 38 0 0 -1
1002 1 993 332 79 36 0 0 -1
1002 2 969 479 86 38 0 0 -1
1003 1 988 332 79 36 0 0 -1
1003 2 974 474 86 42 0 0 -1
1004 1 988 332 79 36 0 0 -1
1004 2 977 468 86 46 0 0 -1
1005 1 988 327 79 36 0 0 -1
1005 2 979 462 88 47 0 0 -1
1006 1 983 327 79 36 0 0 -1
1006 2 983 459 87 47 0 0 -1
1007 1 983 322 79 36 0 0 -1
1007 2 985 454 88 50 0 0 -1
1008 1 978 322 79 36 0 0 -1
1008 2 991 451 85 49 0 0 -1
1009 1 978 317 79 36 0 0 -1
1009 2 992 450 92 49 0 0 -1
1010 1 978 317 79 36 0 0 -1
1010 2 996 447 88 49 0 0 -1
1011 1 978 317 79 36 0 0 -1
1011 2 1000 446 89 50 0 0 -1
1012 1 978 317 79 36 0 0 -1
1012 2 1002 446 90 53 0 0 -1
1013 1 978 317 79 36 0 0 -1
1013 2 1005 448 92 49 0 0 -1
1014 1 978 317 79 36 0 0 -1
1014 2 1009 446 87 53 0 0 -1
1015 1 978 322 79 36 0 0 -1
1015 2 1011 448 85 48 0 0 -1
1016 1 978 322 79 36 0 0 -1
1016 2 1011 449 87 52 0 0 -1
1017 1 978 332 79 36 0 0 -1
1017 2 1014 451 92 50 0 0 -1
1018 1 978 342 79 36 0 0 -1
1018 2 1014 454 91 48 0 0 -1
1019 1 978 352 79 36 0 0 -1
1019 2 1019 457 88 48 0 0 -1
1020 1 973 362 79 36 0 0 -1
1020 2 1019 459 92 47 0 0 -1
1021 1 973 367 79 36 0 0 -1
1021 2 1022 461 89 47 0 0 -1
1022 1 973 367 79 36 0 0 -1
1022 2 1022 466 91 43 0 0 -1
1023 1 973 367 79 36 0 0 -1
1023 2 1022 468 93 46 0 0 -1
1024 1 973 372 79 36 0 0 -1
1024 2 1026 468 91 49 0 0 -1
1025 1 963 377 79 36 0 0 -1
1025 2 1026 472 91 45 0 0 -1
1026 1 963 387 79 36 0 0 -1
1026 2 1025 474 92 47 0 0 -1
1027 1 963 397 79 36 0 0 -1
1027 2 1026 476 93 45 0 0 -1
1028 1 963 397 79 36 0 0 -1
1028 2 1028 476 94 47 0 0 -1
1029 1 963 412 79 36 0 0 -1
1029 2 1028 479 94 47 0 0 -1
1030 1 953 427 79 36 0 0 -1
1030 2 1028 480 95 45 0 0 -1
1031 1 953 437 79 36 0 0 -1
1031 2 1030 480 89 46 0 0 -1
1032 1 948 442 79 36 0 0 -1
1032 2 1029 482 93 44 0 0 -1
1033 1 943 447 79 36 0 0 -1
1033 2 1029 483 94 43 0 0 -1
1034 1 943 447 79 36 0 0 -1
1034 2 1032 481 89 47 0 0 -1
1035 1 943 447 79 36 0 0 -1
1035 2 1030 475 91 55 0 0 -1
1036 1 943 452 79 36 0 0 -1
1036 2 1030 476 89 55 0 0 -1
1037 1 943 452 79 36 0 0 -1
1037 2 1029 471 86 63 0 0 -1
1038 1 943 457 79 36 0 0 -1
1038 2 1032 471 81 62 0 0 -1
1039 1 943 457 79 36 0 0 -1
1039 2 1028 467 82 66 0 0 -1
1040 1 943 457 79 36 0 0 -1
1040 2 1025 470 81 63 0 0 -1
1041 1 943 457 79 36 0 0 -1
1041 2 1019 470 85 59 0 0 -1
1042 1 943 457 79 36 0 0 -1
1042 2 1019 470 79 63 0 0 -1
1043 1 943 457 79 36 0 0 -1
1043 2 1008 467 85 62 0 0 -1
1044 1 943 462 79 36 0 0 -1
1044 2 998 470 89 57 0 0 -1
1045 1 943 462 79 36 0 0 -1
1045 2 988 471 89 56 0 0 -1
1046 1 943 462 79 36 0 0 -1
1046 2 982 472 90 54 0 0 -1
1047 1 943 462 79 36 0 0 -1
1047 2 971 472 91 49 0 0 -1
1048 1 948 462 79 36 0 0 -1
1048 2 962 475 93 44 0 0 -1
1049 1 948 462 79 36 0 0 -1
1049 2 953 471 94 46 0 0 -1
1050 1 948 467 79 36 0 0 -1
1050 2 945 467 93 51 0 0 -1
