1 1 619 372 162 94 0 0 -1
1 2 953 298 46 17 0 0 -1
2 1 621 370 162 98 0 0 -1
2 2 953 298 46 17 0 0 -1
3 1 618 372 161 97 0 0 -1
3 2 948 298 46 17 0 0 -1
4 1 617 372 160 94 0 0 -1
4 2 948 298 46 17 0 0 -1
5 1 614 374 159 93 0 0 -1
5 2 945 298 46 17 0 0 -1
6 1 616 372 153 93 0 0 -1
6 2 945 298 46 17 0 0 -1
7 1 610 373 153 93 0 0 -1
7 2 940 298 46 17 0 0 -1
8 1 612 373 153 93 0 0 -1
8 2 945 298 46 17 0 0 -1
9 1 606 373 153 93 0 0 -1
9 2 940 298 46 17 0 0 -1
10 1 604 374 153 88 0 0 -1
10 2 940 298 46 17 0 0 -1
11 1 603 372 150 88 0 0 -1
11 2 940 298 46 17 0 0 -1
12 1 599 372 149 88 0 0 -1
12 2 935 296 46 17 0 0 -1
13 1 597 372 145 84 0 0 -1
13 2 935 296 46 17 0 0 -1
14 1 597 374 148 83 0 0 -1
14 2 935 296 46 17 0 0 -1
15 1 593 374 148 83 0 0 -1
15 2 935 296 46 17 0 0 -1
16 1 592 372 144 83 0 0 -1
16 2 933 295 46 17 0 0 -1
17 1 590 368 144 83 0 0 -1
17 2 933 295 46 17 0 0 -1
18 1 590 369 140 81 0 0 -1
18 2 933 295 46 17 0 0 -1
19 1 590 368 140 81 0 0 -1
19 2 933 295 46 17 0 0 -1
20 1 587 367 140 81 0 0 -1
20 2 933 295 46 17 0 0 -1
21 1 587 366 140 80 0 0 -1
21 2 927 293 50 17 0 0 -1
22 1 587 366 140 80 0 0 -1
22 2 927 293 50 17 0 0 -1
23 1 590 362 138 81 0 0 -1
23 2 927 293 50 17 0 0 -1
24 1 594 362 134 77 0 0 -1
24 2 927 293 50 17 0 0 -1
25 1 598 362 133 77 0 0 -1
25 2 926 293 50 17 0 0 -1
26 1 598 362 133 77 0 0 -1
26 2 924 293 50 17 0 0 -1
27 1 601 362 133 77 0 0 -1
27 2 924 293 50 17 0 0 -1
28 1 604 362 133 77 0 0 -1
28 2 924 293 50 17 0 0 -1
29 1 608 359 133 77 0 0 -1
29 2 924 293 50 17 0 0 -1
30 1 614 359 130 77 0 0 -1
30 2 925 291 50 17 0 0 -1
31 1 618 359 130 77 0 0 -1
31 2 925 291 50 17 0 0 -1
32 1 618 359 130 77 0 0 -1
32 2 925 291 50 17 0 0 -1
33 1 624 359 127 73 0 0 -1
33 2 927 289 57 20 0 0 -1
34 1 628 359 127 73 0 0 -1
34 2 927 289 57 20 0 0 -1
35 1 628 359 127 73 0 0 -1
35 2 926 289 57 20 0 0 -1
36 1 631 362 127 70 0 0 -1
36 2 926 289 57 20 0 0 -1
37 1 631 366 127 70 0 0 -1
37 2 926 289 57 20 0 0 -1
38 1 633 366 122 70 0 0 -1
38 2 926 289 57 20 0 0 -1
39 1 633 370 122 66 0 0 -1
39 2 926 289 57 20 0 0 -1
40 1 633 373 122 68 0 0 -1
40 2 926 289 57 20 0 0 -1
41 1 633 373 122 66 0 0 -1
41 2 926 289 57 20 0 0 -1
42 1 633 376 120 66 0 0 -1
42 2 926 289 57 20 0 0 -1
43 1 633 380 120 66 0 0 -1
43 2 926 289 57 20 0 0 -1
44 1 633 380 120 66 0 0 -1
44 2 926 288 60 20 0 0 -1
45 1 633 383 120 66 0 0 -1
45 2 926 288 60 20 0 0 -1
46 1 630 383 120 66 0 0 -1
46 2 926 288 60 20 0 0 -1
47 1 626 386 120 66 0 0 -1
47 2 925 287 60 20 0 0 -1
48 1 626 390 120 66 0 0 -1
48 2 925 287 60 20 0 0 -1
49 1 626 390 120 66 0 0 -1
49 2 925 287 60 20 0 0 -1
50 1 626 390 120 66 0 0 -1
50 2 925 287 60 20 0 0 -1
51 1 626 390 120 66 0 0 -1
51 2 924 286 60 20 0 0 -1
52 1 626 390 120 66 0 0 -1
52 2 924 286 60 20 0 0 -1
53 1 626 386 120 66 0 0 -1
53 2 920 283 68 23 0 0 -1
54 1 626 386 120 66 0 0 -1
54 2 920 283 68 23 0 0 -1
55 1 626 386 120 66 0 0 -1
55 2 913 281 75 25 0 0 -1
56 1 626 386 120 66 0 0 -1
56 2 913 281 75 25 0 0 -1
57 1 623 386 120 66 0 0 -1
57 2 913 281 75 25 0 0 -1
58 1 623 383 120 66 0 0 -1
58 2 913 281 75 25 0 0 -1
59 1 620 380 120 66 0 0 -1
59 2 913 281 75 25 0 0 -1
60 1 620 380 120 66 0 0 -1
60 2 913 281 75 25 0 0 -1
61 1 617 376 123 66 0 0 -1
61 2 907 281 81 25 0 0 -1
62 1 617 376 123 66 0 0 -1
62 2 907 281 81 25 0 0 -1
63 1 614 371 126 71 0 0 -1
63 2 907 281 81 25 0 0 -1
64 1 610 368 126 71 0 0 -1
64 2 907 279 84 27 0 0 -1
65 1 607 364 126 71 0 0 -1
65 2 907 279 84 27 0 0 -1
66 1 597 361 126 71 0 0 -1
66 2 901 279 90 27 0 0 -1
67 1 590 358 126 71 0 0 -1
67 2 901 279 90 27 0 0 -1
68 1 587 358 130 71 0 0 -1
68 2 901 277 90 29 0 0 -1
69 1 580 354 130 71 0 0 -1
69 2 901 277 90 29 0 0 -1
70 1 570 354 130 71 0 0 -1
70 2 901 277 90 29 0 0 -1
71 1 564 351 130 71 0 0 -1
71 2 886 277 105 29 0 0 -1
72 1 550 348 137 71 0 0 -1
72 2 886 274 105 32 0 0 -1
73 1 543 344 137 71 0 0 -1
73 2 886 274 105 32 0 0 -1
74 1 543 344 137 71 0 0 -1
74 2 886 274 105 32 0 0 -1
75 1 532 336 144 76 0 0 -1
75 2 886 274 105 32 0 0 -1
76 1 526 333 144 76 0 0 -1
76 2 886 274 105 32 0 0 -1
77 1 519 322 144 83 0 0 -1
77 2 877 273 105 32 0 0 -1
78 1 516 319 144 83 0 0 -1
78 2 862 273 115 32 0 0 -1
79 1 509 322 144 83 0 0 -1
79 2 862 273 115 32 0 0 -1
80 1 509 322 144 83 0 0 -1
80 2 862 273 115 32 0 0 -1
81 1 504 336 146 83 0 0 -1
81 2 862 269 115 36 0 0 -1
82 1 500 342 146 83 0 0 -1
82 2 862 269 115 36 0 0 -1
83 1 488 346 159 89 0 0 -1
83 2 856 266 115 38 0 0 -1
