1 1 929 559 243 142 0 0 -1
1 2 1425 348 47 39 0 0 -1
2 1 932 556 243 147 0 0 -1
2 2 1423 353 49 36 0 0 -1
3 1 927 558 242 146 0 0 -1
3 2 1423 353 50 37 0 0 -1
4 1 926 559 241 141 0 0 -1
4 2 1425 353 51 37 0 0 -1
5 1 921 561 239 140 0 0 -1
5 2 1428 353 49 38 0 0 -1
6 1 924 558 230 140 0 0 -1
6 2 1426 356 50 35 0 0 -1
7 1 916 560 230 140 0 0 -1
7 2 1428 348 49 43 0 0 -1
8 1 918 560 230 140 0 0 -1
8 2 1431 351 48 39 0 0 -1
9 1 910 560 230 140 0 0 -1
9 2 1432 347 46 44 0 0 -1
10 1 906 562 230 133 0 0 -1
10 2 1436 347 45 47 0 0 -1
11 1 905 558 225 133 0 0 -1
11 2 1438 347 47 44 0 0 -1
12 1 899 558 224 133 0 0 -1
12 2 1442 346 47 45 0 0 -1
13 1 896 558 218 127 0 0 -1
13 2 1445 344 48 47 0 0 -1
14 1 896 561 222 125 0 0 -1
14 2 1449 344 47 45 0 0 -1
15 1 890 561 222 125 0 0 -1
15 2 1456 343 46 46 0 0 -1
16 1 888 559 216 125 0 0 -1
16 2 1461 343 48 47 0 0 -1
17 1 886 552 216 125 0 0 -1
17 2 1468 342 49 48 0 0 -1
18 1 886 554 211 122 0 0 -1
18 2 1473 340 51 43 0 0 -1
19 1 886 552 211 122 0 0 -1
19 2 1482 340 51 45 0 0 -1
20 1 881 551 211 122 0 0 -1
20 2 1489 343 51 39 0 0 -1
21 1 881 549 211 120 0 0 -1
21 2 1499 343 48 38 0 0 -1
22 1 881 549 211 120 0 0 -1
22 2 1508 340 45 41 0 0 -1
23 1 885 544 207 122 0 0 -1
23 2 1513 331 50 49 0 0 -1
24 1 891 544 201 116 0 0 -1
24 2 1524 331 48 46 0 0 -1
25 1 897 544 200 116 0 0 -1
25 2 1533 329 46 47 0 0 -1
26 1 897 544 200 116 0 0 -1
26 2 1538 329 49 45 0 0 -1
27 1 902 544 200 116 0 0 -1
27 2 1546 323 50 50 0 0 -1
28 1 907 544 200 116 0 0 -1
28 2 1554 326 46 47 0 0 -1
29 1 912 539 200 116 0 0 -1
29 2 1558 323 48 50 0 0 -1
30 1 922 539 196 116 0 0 -1
30 2 1563 323 46 47 0 0 -1
31 1 927 539 196 116 0 0 -1
31 2 1570 319 47 51 0 0 -1
32 1 927 539 196 116 0 0 -1
32 2 1574 318 45 52 0 0 -1
33 1 937 539 191 110 0 0 -1
33 2 1575 318 51 46 0 0 -1
34 1 942 539 191 110 0 0 -1
34 2 1580 317 46 46 0 0 -1
35 1 942 539 191 110 0 0 -1
35 2 1580 313 51 47 0 0 -1
36 1 947 544 191 105 0 0 -1
36 2 1583 306 49 50 0 0 -1
37 1 947 549 191 105 0 0 -1
37 2 1588 308 47 44 0 0 -1
38 1 950 549 183 105 0 0 -1
38 2 1587 306 49 45 0 0 -1
39 1 950 555 183 99 0 0 -1
39 2 1589 302 47 44 0 0 -1
40 1 950 560 183 102 0 0 -1
40 2 1591 298 45 41 0 0 -1
41 1 950 560 183 99 0 0 -1
41 2 1591 295 47 41 0 0 -1
42 1 950 565 181 99 0 0 -1
42 2 1589 289 49 45 0 0 -1
43 1 950 570 181 99 0 0 -1
43 2 1592 284 50 43 0 0 -1
44 1 950 570 181 99 0 0 -1
44 2 1592 283 48 43 0 0 -1
45 1 950 575 181 99 0 0 -1
45 2 1597 280 45 42 0 0 -1
46 1 945 575 181 99 0 0 -1
46 2 1596 278 46 41 0 0 -1
47 1 940 580 181 99 0 0 -1
47 2 1593 274 51 43 0 0 -1
48 1 940 585 181 99 0 0 -1
48 2 1597 274 50 39 0 0 -1
49 1 940 585 181 99 0 0 -1
49 2 1596 270 48 42 0 0 -1
50 1 940 585 181 99 0 0 -1
50 2 1600 268 45 45 0 0 -1
51 1 940 585 181 99 0 0 -1
51 2 1598 263 49 49 0 0 -1
52 1 940 585 181 99 0 0 -1
52 2 1598 264 46 51 0 0 -1
53 1 940 580 181 99 0 0 -1
53 2 1598 264 47 48 0 0 -1
54 1 940 580 181 99 0 0 -1
54 2 1602 263 42 49 0 0 -1
55 1 940 580 181 99 0 0 -1
55 2 1598 266 44 46 0 0 -1
56 1 940 580 181 99 0 0 -1
56 2 1600 266 42 47 0 0 -1
57 1 935 580 181 99 0 0 -1
57 2 1601 268 41 46 0 0 -1
58 1 935 575 181 99 0 0 -1
58 2 1600 267 44 48 0 0 -1
59 1 930 570 181 99 0 0 -1
59 2 1600 271 39 50 0 0 -1
60 1 930 570 181 99 0 0 -1
60 2 1600 272 43 46 0 0 -1
61 1 926 565 185 99 0 0 -1
61 2 1592 279 47 44 0 0 -1
62 1 926 565 185 99 0 0 -1
62 2 1591 279 47 44 0 0 -1
63 1 921 557 190 107 0 0 -1
63 2 1589 281 53 44 0 0 -1
64 1 916 552 190 107 0 0 -1
64 2 1591 285 47 45 0 0 -1
65 1 911 547 190 107 0 0 -1
65 2 1589 289 47 43 0 0 -1
66 1 896 542 190 107 0 0 -1
66 2 1587 291 45 43 0 0 -1
67 1 886 537 190 107 0 0 -1
67 2 1583 296 48 42 0 0 -1
68 1 881 537 195 107 0 0 -1
68 2 1581 300 51 42 0 0 -1
69 1 871 532 195 107 0 0 -1
69 2 1581 302 49 46 0 0 -1
70 1 856 532 195 107 0 0 -1
70 2 1579 308 47 40 0 0 -1
71 1 846 527 195 107 0 0 -1
71 2 1577 310 46 42 0 0 -1
72 1 825 522 206 107 0 0 -1
72 2 1577 313 48 44 0 0 -1
73 1 815 517 206 107 0 0 -1
73 2 1572 317 47 40 0 0 -1
74 1 815 517 206 107 0 0 -1
74 2 1571 322 46 42 0 0 -1
75 1 799 505 217 114 0 0 -1
75 2 1570 326 44 44 0 0 -1
76 1 789 500 217 114 0 0 -1
76 2 1567 332 46 40 0 0 -1
77 1 779 484 217 125 0 0 -1
77 2 1564 339 44 35 0 0 -1
78 1 774 479 217 125 0 0 -1
78 2 1562 344 46 36 0 0 -1
79 1 764 484 217 125 0 0 -1
79 2 1559 348 43 33 0 0 -1
80 1 764 484 217 125 0 0 -1
80 2 1555 353 45 36 0 0 -1
81 1 756 504 220 125 0 0 -1
81 2 1557 356 40 37 0 0 -1
82 1 751 514 220 125 0 0 -1
82 2 1554 361 42 37 0 0 -1
83 1 732 519 239 134 0 0 -1
83 2 1550 363 42 35 0 0 -1
84 1 727 519 239 134 0 0 -1
84 2 1550 365 42 39 0 0 -1
85 1 729 519 242 134 0 0 -1
85 2 1546 365 43 41 0 0 -1
86 1 729 519 242 134 0 0 -1
86 2 1541 365 44 43 0 0 -1
87 1 739 529 242 134 0 0 -1
87 2 1541 370 42 44 0 0 -1
88 1 749 534 248 139 0 0 -1
88 2 1536 373 41 42 0 0 -1
89 1 759 539 261 139 0 0 -1
89 2 1532 377 43 44 0 0 -1
90 1 774 579 273 154 0 0 -1
90 2 1526 381 45 44 0 0 -1
91 1 779 664 273 154 0 0 -1
91 2 1524 383 42 40 0 0 -1
92 1 779 664 273 154 0 0 -1
92 2 1519 385 41 44 0 0 -1
93 1 799 683 258 145 0 0 -1
93 2 1515 389 38 40 0 0 -1
94 1 804 688 266 145 0 0 -1
94 2 1508 395 39 39 0 0 -1
95 1 814 693 280 150 0 0 -1
95 2 1507 395 38 45 0 0 -1
96 1 829 698 280 150 0 0 -1
96 2 1499 399 38 39 0 0 -1
97 1 839 703 280 150 0 0 -1
97 2 1491 404 41 40 0 0 -1
98 1 839 703 280 150 0 0 -1
98 2 1487 408 34 34 0 0 -1
99 1 854 701 280 157 0 0 -1
99 2 1479 410 37 34 0 0 -1
100 1 869 706 280 157 0 0 -1
100 2 1470 412 41 34 0 0 -1
101 1 874 706 280 157 0 0 -1
101 2 1464 411 42 39 0 0 -1
102 1 889 706 280 157 0 0 -1
102 2 1456 412 43 41 0 0 -1
103 1 904 706 280 157 0 0 -1
103 2 1451 417 36 36 0 0 -1
104 1 904 706 280 157 0 0 -1
104 2 1445 419 33 38 0 0 -1
105 1 919 706 280 157 0 0 -1
105 2 1436 424 36 33 0 0 -1
106 1 924 702 280 151 0 0 -1
106 2 1427 423 39 36 0 0 -1
107 1 929 702 280 151 0 0 -1
107 2 1421 427 38 36 0 0 -1
108 1 944 698 273 149 0 0 -1
108 2 1413 432 35 31 0 0 -1
109 1 959 691 273 156 0 0 -1
109 2 1401 432 38 36 0 0 -1
110 1 959 693 273 149 0 0 -1
110 2 1393 432 41 39 0 0 -1
111 1 969 688 273 149 0 0 -1
111 2 1384 442 33 32 0 0 -1
112 1 974 688 273 149 0 0 -1
112 2 1374 442 36 34 0 0 -1
113 1 979 693 273 149 0 0 -1
113 2 1367 444 35 28 0 0 -1
114 1 989 691 267 146 0 0 -1
114 2 1358 445 33 33 0 0 -1
115 1 1004 691 262 142 0 0 -1
115 2 1350 451 29 27 0 0 -1
116 1 1004 691 262 142 0 0 -1
116 2 1342 451 26 29 0 0 -1
117 1 1014 691 262 142 0 0 -1
117 2 1329 458 33 24 0 0 -1
118 1 1019 691 262 142 0 0 -1
118 2 1320 457 37 23 0 0 -1
119 1 1026 696 255 137 0 0 -1
119 2 1313 459 33 23 0 0 -1
120 1 1031 696 255 137 0 0 -1
120 2 1306 465 31 24 0 0 -1
121 1 1036 696 255 137 0 0 -1
121 2 1292 463 37 29 0 0 -1
122 1 1036 696 255 137 0 0 -1
122 2 1289 468 30 27 0 0 -1
123 1 1041 696 255 137 0 0 -1
123 2 1278 472 34 29 0 0 -1
124 1 1051 701 245 137 0 0 -1
124 2 1270 474 36 27 0 0 -1
125 1 1066 696 245 137 0 0 -1
125 2 1262 481 37 25 0 0 -1
126 1 1081 696 245 137 0 0 -1
126 2 1260 485 32 25 0 0 -1
127 1 1085 699 245 137 0 0 -1
127 2 1249 492 30 26 0 0 -1
128 1 1085 699 245 137 0 0 -1
128 2 1244 493 38 23 0 0 -1
129 1 1085 699 245 137 0 0 -1
129 2 1232 496 42 25 0 0 -1
130 1 1090 694 245 137 0 0 -1
130 2 1228 500 38 25 0 0 -1
131 1 1095 684 245 137 0 0 -1
131 2 1222 501 40 25 0 0 -1
132 1 1095 645 244 131 0 0 -1
132 2 1215 502 38 28 0 0 -1
133 1 1095 595 244 131 0 0 -1
133 2 1213 509 38 25 0 0 -1
134 1 1095 600 244 128 0 0 -1
134 2 1207 512 44 24 0 0 -1
135 1 1095 545 244 128 0 0 -1
135 2 1205 513 40 22 0 0 -1
136 1 1095 490 244 128 0 0 -1
136 2 1198 516 45 22 0 0 -1
137 1 1100 450 232 128 0 0 -1
137 2 1198 516 37 22 0 0 -1
138 1 1085 425 232 128 0 0 -1
138 2 1193 516 33 24 0 0 -1
139 1 1060 405 232 128 0 0 -1
139 2 1187 518 43 21 0 0 -1
140 1 1066 405 226 128 0 0 -1
140 2 1184 518 39 22 0 0 -1
141 1 1026 380 226 128 0 0 -1
141 2 1180 514 41 25 0 0 -1
142 1 990 357 226 128 0 0 -1
142 2 1175 516 40 24 0 0 -1
143 1 939 348 222 127 0 0 -1
143 2 1171 514 39 26 0 0 -1
144 1 885 344 222 127 0 0 -1
144 2 1166 514 45 25 0 0 -1
145 1 835 341 222 127 0 0 -1
145 2 1167 513 38 25 0 0 -1
146 1 837 345 222 125 0 0 -1
146 2 1162 510 43 24 0 0 -1
147 1 793 347 222 125 0 0 -1
147 2 1156 508 45 28 0 0 -1
148 1 748 373 222 125 0 0 -1
148 2 1155 505 42 29 0 0 -1
149 1 715 401 222 125 0 0 -1
149 2 1151 506 37 24 0 0 -1
150 1 696 423 216 125 0 0 -1
150 2 1146 502 44 29 0 0 -1
151 1 673 443 213 125 0 0 -1
151 2 1147 502 36 27 0 0 -1
152 1 673 443 213 125 0 0 -1
152 2 1141 501 42 24 0 0 -1
153 1 657 475 213 125 0 0 -1
153 2 1138 495 42 24 0 0 -1
154 1 644 503 213 120 0 0 -1
154 2 1134 495 41 24 0 0 -1
155 1 634 523 213 120 0 0 -1
155 2 1134 492 38 25 0 0 -1
156 1 624 533 213 120 0 0 -1
156 2 1126 489 45 29 0 0 -1
157 1 619 548 213 120 0 0 -1
157 2 1120 487 46 27 0 0 -1
158 1 619 558 213 120 0 0 -1
158 2 1117 480 43 32 0 0 -1
159 1 619 558 213 120 0 0 -1
159 2 1117 480 42 30 0 0 -1
160 1 644 563 213 120 0 0 -1
160 2 1116 476 38 32 0 0 -1
161 1 679 563 213 120 0 0 -1
161 2 1115 474 38 28 0 0 -1
162 1 714 558 213 120 0 0 -1
162 2 1111 471 40 29 0 0 -1
163 1 749 558 213 120 0 0 -1
163 2 1108 468 39 32 0 0 -1
164 1 779 558 213 120 0 0 -1
164 2 1102 466 39 30 0 0 -1
165 1 783 558 204 120 0 0 -1
165 2 1099 466 37 31 0 0 -1
166 1 799 558 213 120 0 0 -1
166 2 1088 462 49 34 0 0 -1
167 1 828 558 204 120 0 0 -1
167 2 1086 463 42 25 0 0 -1
168 1 843 558 204 120 0 0 -1
168 2 1079 458 42 29 0 0 -1
169 1 853 558 204 120 0 0 -1
169 2 1077 457 40 30 0 0 -1
170 1 863 558 199 103 0 0 -1
170 2 1068 453 49 27 0 0 -1
171 1 863 558 196 103 0 0 -1
171 2 1062 451 45 27 0 0 -1
172 1 868 558 196 103 0 0 -1
172 2 1057 448 46 32 0 0 -1
173 1 863 558 197 101 0 0 -1
173 2 1051 446 44 29 0 0 -1
174 1 866 558 192 97 0 0 -1
174 2 1041 445 46 30 0 0 -1
175 1 866 553 185 100 0 0 -1
175 2 1034 442 47 26 0 0 -1
176 1 861 553 185 94 0 0 -1
176 2 1028 444 49 26 0 0 -1
177 1 861 553 185 91 0 0 -1
177 2 1020 437 48 31 0 0 -1
178 1 850 543 183 97 0 0 -1
178 2 1009 436 48 32 0 0 -1
179 1 842 541 183 88 0 0 -1
179 2 1007 436 44 32 0 0 -1
180 1 837 541 183 88 0 0 -1
180 2 998 432 42 31 0 0 -1
181 1 827 536 183 88 0 0 -1
181 2 989 428 45 34 0 0 -1
182 1 822 531 178 88 0 0 -1
182 2 975 431 47 27 0 0 -1
183 1 822 531 178 88 0 0 -1
183 2 969 427 45 32 0 0 -1
184 1 807 531 178 88 0 0 -1
184 2 964 425 42 38 0 0 -1
185 1 797 526 178 88 0 0 -1
185 2 950 424 43 34 0 0 -1
186 1 787 521 178 88 0 0 -1
186 2 941 421 44 37 0 0 -1
187 1 777 516 178 88 0 0 -1
187 2 930 416 47 38 0 0 -1
188 1 767 506 178 88 0 0 -1
188 2 920 419 47 31 0 0 -1
189 1 767 511 178 88 0 0 -1
189 2 912 414 44 35 0 0 -1
190 1 762 511 178 88 0 0 -1
190 2 905 416 40 32 0 0 -1
191 1 762 511 178 88 0 0 -1
191 2 895 411 38 37 0 0 -1
192 1 757 516 178 88 0 0 -1
192 2 885 412 40 32 0 0 -1
193 1 752 541 178 88 0 0 -1
193 2 875 410 42 38 0 0 -1
194 1 762 551 178 88 0 0 -1
194 2 865 408 46 34 0 0 -1
195 1 762 551 178 88 0 0 -1
195 2 861 408 44 36 0 0 -1
196 1 777 566 178 88 0 0 -1
196 2 851 407 47 35 0 0 -1
197 1 792 581 178 88 0 0 -1
197 2 841 398 51 46 0 0 -1
198 1 807 591 178 88 0 0 -1
198 2 835 400 50 42 0 0 -1
199 1 832 601 178 88 0 0 -1
199 2 831 399 46 42 0 0 -1
200 1 842 606 178 88 0 0 -1
200 2 826 398 48 39 0 0 -1
201 1 847 606 173 88 0 0 -1
201 2 824 399 44 38 0 0 -1
202 1 852 606 173 88 0 0 -1
202 2 820 402 44 34 0 0 -1
203 1 867 606 173 88 0 0 -1
203 2 817 399 40 39 0 0 -1
204 1 877 606 173 88 0 0 -1
204 2 809 391 44 49 0 0 -1
205 1 887 606 173 88 0 0 -1
205 2 806 398 41 42 0 0 -1
206 1 897 606 173 88 0 0 -1
206 2 806 399 43 39 0 0 -1
207 1 897 606 173 88 0 0 -1
207 2 802 395 40 40 0 0 -1
208 1 897 596 173 88 0 0 -1
208 2 797 394 42 40 0 0 -1
209 1 902 601 173 88 0 0 -1
209 2 794 390 46 52 0 0 -1
210 1 907 601 173 88 0 0 -1
210 2 793 395 47 41 0 0 -1
211 1 902 591 173 88 0 0 -1
211 2 789 400 50 32 0 0 -1
212 1 902 587 173 92 0 0 -1
212 2 789 399 46 30 0 0 -1
213 1 902 587 173 92 0 0 -1
213 2 781 400 54 29 0 0 -1
214 1 902 582 173 92 0 0 -1
214 2 783 398 53 29 0 0 -1
215 1 902 582 173 92 0 0 -1
215 2 780 395 51 30 0 0 -1
216 1 892 572 173 92 0 0 -1
216 2 773 398 54 33 0 0 -1
217 1 892 562 173 92 0 0 -1
217 2 777 397 51 30 0 0 -1
218 1 887 562 173 92 0 0 -1
218 2 769 393 58 32 0 0 -1
219 1 887 562 173 92 0 0 -1
219 2 771 394 52 30 0 0 -1
220 1 882 562 173 92 0 0 -1
220 2 768 390 59 30 0 0 -1
221 1 882 562 173 92 0 0 -1
221 2 766 389 57 30 0 0 -1
222 1 877 567 173 92 0 0 -1
222 2 766 387 57 32 0 0 -1
223 1 867 572 173 92 0 0 -1
223 2 762 382 52 34 0 0 -1
224 1 862 572 173 92 0 0 -1
224 2 760 382 57 29 0 0 -1
225 1 862 572 173 92 0 0 -1
225 2 762 381 52 27 0 0 -1
226 1 862 577 173 92 0 0 -1
226 2 756 377 54 29 0 0 -1
227 1 857 577 173 92 0 0 -1
227 2 756 370 54 32 0 0 -1
228 1 852 577 173 92 0 0 -1
228 2 758 366 49 31 0 0 -1
229 1 842 577 173 92 0 0 -1
229 2 754 364 48 33 0 0 -1
230 1 842 577 173 92 0 0 -1
230 2 752 357 48 34 0 0 -1
231 1 842 577 173 92 0 0 -1
231 2 752 357 49 29 0 0 -1
232 1 832 582 173 92 0 0 -1
232 2 754 348 43 33 0 0 -1
233 1 822 582 173 92 0 0 -1
233 2 749 342 44 36 0 0 -1
234 1 817 582 173 92 0 0 -1
234 2 751 335 38 39 0 0 -1
235 1 807 582 173 92 0 0 -1
235 2 745 331 49 47 0 0 -1
236 1 802 577 173 92 0 0 -1
236 2 747 330 41 40 0 0 -1
237 1 797 577 173 92 0 0 -1
237 2 743 329 43 41 0 0 -1
238 1 792 577 173 92 0 0 -1
238 2 742 326 39 38 0 0 -1
239 1 797 577 173 92 0 0 -1
239 2 738 326 43 39 0 0 -1
240 1 802 577 173 92 0 0 -1
240 2 739 325 45 39 0 0 -1
241 1 791 577 179 92 0 0 -1
241 2 735 323 46 43 0 0 -1
242 1 786 572 179 92 0 0 -1
242 2 733 325 48 40 0 0 -1
243 1 786 572 179 92 0 0 -1
243 2 730 323 47 46 0 0 -1
244 1 791 567 179 92 0 0 -1
244 2 729 327 44 43 0 0 -1
245 1 791 557 179 92 0 0 -1
245 2 728 329 48 40 0 0 -1
246 1 791 552 179 92 0 0 -1
246 2 728 334 48 42 0 0 -1
247 1 791 547 179 92 0 0 -1
247 2 724 335 47 43 0 0 -1
248 1 791 547 179 92 0 0 -1
248 2 722 338 45 43 0 0 -1
249 1 791 542 179 92 0 0 -1
249 2 725 344 46 39 0 0 -1
250 1 791 542 179 92 0 0 -1
250 2 721 344 51 43 0 0 -1
251 1 791 537 179 92 0 0 -1
251 2 721 352 42 41 0 0 -1
252 1 791 537 179 92 0 0 -1
252 2 722 357 46 41 0 0 -1
253 1 791 537 179 92 0 0 -1
253 2 725 363 42 41 0 0 -1
254 1 786 537 179 92 0 0 -1
254 2 721 370 43 40 0 0 -1
255 1 791 537 179 92 0 0 -1
255 2 722 377 38 35 0 0 -1
256 1 791 537 179 92 0 0 -1
256 2 721 381 43 36 0 0 -1
257 1 785 537 185 92 0 0 -1
257 2 720 386 44 37 0 0 -1
258 1 780 537 185 92 0 0 -1
258 2 715 390 52 38 0 0 -1
259 1 775 537 185 92 0 0 -1
259 2 722 403 44 35 0 0 -1
260 1 785 547 185 92 0 0 -1
260 2 718 404 48 40 0 0 -1
261 1 785 547 185 92 0 0 -1
261 2 718 416 50 37 0 0 -1
262 1 780 557 185 92 0 0 -1
262 2 716 420 52 42 0 0 -1
263 1 775 557 185 92 0 0 -1
263 2 717 429 47 41 0 0 -1
264 1 785 557 185 92 0 0 -1
264 2 718 436 49 39 0 0 -1
265 1 810 572 185 92 0 0 -1
265 2 716 446 44 36 0 0 -1
266 1 810 577 185 92 0 0 -1
266 2 716 450 50 38 0 0 -1
267 1 810 577 185 92 0 0 -1
267 2 717 457 46 39 0 0 -1
268 1 810 583 185 86 0 0 -1
268 2 716 465 50 36 0 0 -1
269 1 825 593 185 86 0 0 -1
269 2 718 471 46 37 0 0 -1
270 1 825 593 185 86 0 0 -1
270 2 716 476 50 40 0 0 -1
271 1 825 593 185 86 0 0 -1
271 2 718 480 49 38 0 0 -1
272 1 820 583 185 86 0 0 -1
272 2 721 487 46 36 0 0 -1
273 1 820 583 185 86 0 0 -1
273 2 722 491 45 32 0 0 -1
274 1 820 583 185 86 0 0 -1
274 2 721 492 45 42 0 0 -1
275 1 820 583 185 86 0 0 -1
275 2 718 495 49 41 0 0 -1
276 1 810 578 185 86 0 0 -1
276 2 722 497 47 36 0 0 -1
277 1 795 573 185 86 0 0 -1
277 2 722 497 47 37 0 0 -1
278 1 790 573 185 86 0 0 -1
278 2 718 499 46 37 0 0 -1
279 1 790 573 185 86 0 0 -1
279 2 721 499 50 40 0 0 -1
280 1 780 563 185 86 0 0 -1
280 2 724 501 47 38 0 0 -1
281 1 770 558 185 86 0 0 -1
281 2 726 508 42 31 0 0 -1
282 1 755 553 185 86 0 0 -1
282 2 732 508 39 32 0 0 -1
283 1 745 543 185 86 0 0 -1
283 2 730 506 43 34 0 0 -1
284 1 740 538 185 86 0 0 -1
284 2 733 508 42 30 0 0 -1
285 1 735 538 185 86 0 0 -1
285 2 732 506 40 30 0 0 -1
286 1 730 533 185 81 0 0 -1
286 2 733 506 44 32 0 0 -1
287 1 725 528 185 81 0 0 -1
287 2 735 506 38 28 0 0 -1
288 1 715 523 185 81 0 0 -1
288 2 734 505 42 31 0 0 -1
289 1 710 523 179 81 0 0 -1
289 2 733 505 44 34 0 0 -1
290 1 705 528 179 81 0 0 -1
290 2 730 502 49 33 0 0 -1
291 1 705 528 179 81 0 0 -1
291 2 729 501 54 34 0 0 -1
292 1 710 528 179 81 0 0 -1
292 2 728 501 56 33 0 0 -1
293 1 720 533 179 81 0 0 -1
293 2 726 501 59 35 0 0 -1
294 1 735 533 179 81 0 0 -1
294 2 729 500 55 36 0 0 -1
295 1 755 538 179 75 0 0 -1
295 2 726 501 59 34 0 0 -1
296 1 770 543 179 75 0 0 -1
296 2 729 502 54 31 0 0 -1
297 1 770 543 179 75 0 0 -1
297 2 735 501 46 33 0 0 -1
298 1 800 548 179 75 0 0 -1
298 2 735 500 48 34 0 0 -1
299 1 830 553 179 75 0 0 -1
299 2 738 502 48 33 0 0 -1
300 1 850 553 179 75 0 0 -1
300 2 735 500 46 33 0 0 -1
301 1 890 568 179 75 0 0 -1
301 2 735 499 48 36 0 0 -1
302 1 915 568 179 75 0 0 -1
302 2 737 502 44 33 0 0 -1
303 1 915 568 179 75 0 0 -1
303 2 730 501 56 37 0 0 -1
304 1 935 568 179 75 0 0 -1
304 2 729 501 59 35 0 0 -1
305 1 950 568 179 75 0 0 -1
305 2 730 502 56 33 0 0 -1
306 1 965 573 179 75 0 0 -1
306 2 732 502 53 34 0 0 -1
307 1 985 573 179 75 0 0 -1
307 2 730 502 56 36 0 0 -1
308 1 1000 573 175 75 0 0 -1
308 2 730 502 59 34 0 0 -1
309 1 1000 573 175 75 0 0 -1
309 2 733 501 53 37 0 0 -1
310 1 1010 573 175 75 0 0 -1
310 2 732 504 57 38 0 0 -1
311 1 1010 573 175 75 0 0 -1
311 2 734 504 55 35 0 0 -1
312 1 1010 573 175 75 0 0 -1
312 2 733 505 53 37 0 0 -1
313 1 1010 573 175 75 0 0 -1
313 2 733 504 55 35 0 0 -1
314 1 1010 573 175 75 0 0 -1
314 2 734 505 56 35 0 0 -1
315 1 1010 573 175 75 0 0 -1
315 2 738 508 51 31 0 0 -1
316 1 1005 573 175 75 0 0 -1
316 2 738 506 52 36 0 0 -1
317 1 995 573 175 75 0 0 -1
317 2 739 510 55 38 0 0 -1
318 1 990 573 175 75 0 0 -1
318 2 741 509 49 35 0 0 -1
319 1 985 573 175 75 0 0 -1
319 2 741 512 51 28 0 0 -1
320 1 970 573 175 75 0 0 -1
320 2 745 513 45 29 0 0 -1
321 1 965 573 175 75 0 0 -1
321 2 745 510 45 39 0 0 -1
322 1 970 573 165 75 0 0 -1
322 2 745 510 49 37 0 0 -1
323 1 960 583 165 75 0 0 -1
323 2 747 510 47 33 0 0 -1
324 1 950 593 165 75 0 0 -1
324 2 745 508 51 36 0 0 -1
325 1 940 603 165 75 0 0 -1
325 2 745 516 53 27 0 0 -1
326 1 930 618 165 75 0 0 -1
326 2 751 512 50 35 0 0 -1
327 1 920 623 165 75 0 0 -1
327 2 749 514 47 35 0 0 -1
328 1 920 623 165 75 0 0 -1
328 2 751 514 41 33 0 0 -1
329 1 910 623 165 75 0 0 -1
329 2 747 513 49 31 0 0 -1
330 1 900 623 165 75 0 0 -1
330 2 751 513 45 31 0 0 -1
331 1 890 623 165 75 0 0 -1
331 2 751 513 41 35 0 0 -1
332 1 885 623 165 75 0 0 -1
332 2 751 516 45 31 0 0 -1
333 1 880 623 165 75 0 0 -1
333 2 750 512 42 32 0 0 -1
334 1 880 623 165 75 0 0 -1
334 2 754 513 39 34 0 0 -1
335 1 870 623 165 75 0 0 -1
335 2 754 514 44 34 0 0 -1
336 1 865 623 165 75 0 0 -1
336 2 756 513 36 33 0 0 -1
337 1 860 623 165 75 0 0 -1
337 2 756 513 44 35 0 0 -1
338 1 855 623 165 75 0 0 -1
338 2 754 513 47 35 0 0 -1
339 1 850 618 165 75 0 0 -1
339 2 754 516 47 31 0 0 -1
340 1 850 618 165 75 0 0 -1
340 2 758 516 42 32 0 0 -1
341 1 845 613 165 75 0 0 -1
341 2 759 514 44 32 0 0 -1
342 1 840 613 165 70 0 0 -1
342 2 754 514 44 32 0 0 -1
343 1 835 613 165 70 0 0 -1
343 2 751 513 51 36 0 0 -1
344 1 836 603 159 70 0 0 -1
344 2 756 514 48 32 0 0 -1
345 1 836 603 159 70 0 0 -1
345 2 756 516 46 31 0 0 -1
346 1 836 603 159 70 0 0 -1
346 2 755 518 48 30 0 0 -1
347 1 836 603 159 70 0 0 -1
347 2 751 513 52 35 0 0 -1
348 1 831 603 159 70 0 0 -1
348 2 755 514 48 34 0 0 -1
349 1 831 603 159 70 0 0 -1
349 2 755 516 48 30 0 0 -1
350 1 826 603 159 70 0 0 -1
350 2 758 514 43 35 0 0 -1
351 1 826 603 159 70 0 0 -1
351 2 754 514 47 33 0 0 -1
352 1 826 603 159 70 0 0 -1
352 2 752 514 49 34 0 0 -1
353 1 826 603 159 70 0 0 -1
353 2 758 516 44 31 0 0 -1
354 1 826 603 159 67 0 0 -1
354 2 758 514 40 33 0 0 -1
355 1 821 603 159 67 0 0 -1
355 2 759 510 43 41 0 0 -1
356 1 826 603 159 67 0 0 -1
356 2 762 512 38 32 0 0 -1
357 1 826 603 159 67 0 0 -1
357 2 762 510 39 36 0 0 -1
358 1 826 603 159 67 0 0 -1
358 2 764 512 36 32 0 0 -1
359 1 831 603 154 67 0 0 -1
359 2 762 513 38 31 0 0 -1
360 1 831 603 154 67 0 0 -1
360 2 760 513 42 31 0 0 -1
361 1 831 598 154 67 0 0 -1
361 2 758 513 40 33 0 0 -1
362 1 831 598 154 67 0 0 -1
362 2 759 513 43 33 0 0 -1
363 1 831 598 162 67 0 0 -1
363 2 756 514 44 30 0 0 -1
364 1 831 598 162 67 0 0 -1
364 2 759 514 41 33 0 0 -1
365 1 836 598 162 67 0 0 -1
365 2 758 514 45 34 0 0 -1
366 1 847 598 156 67 0 0 -1
366 2 756 516 45 35 0 0 -1
367 1 848 598 153 67 0 0 -1
367 2 759 517 43 36 0 0 -1
368 1 853 598 153 67 0 0 -1
368 2 755 516 46 39 0 0 -1
369 1 853 598 153 67 0 0 -1
369 2 754 513 43 39 0 0 -1
370 1 853 598 153 67 0 0 -1
370 2 756 514 42 38 0 0 -1
371 1 848 598 153 67 0 0 -1
371 2 755 514 42 38 0 0 -1
372 1 853 603 153 67 0 0 -1
372 2 756 514 45 37 0 0 -1
373 1 853 603 153 67 0 0 -1
373 2 758 517 39 34 0 0 -1
374 1 853 603 153 67 0 0 -1
374 2 752 514 46 39 0 0 -1
375 1 853 608 153 67 0 0 -1
375 2 754 514 44 37 0 0 -1
376 1 851 608 150 67 0 0 -1
376 2 759 516 38 33 0 0 -1
377 1 851 613 150 67 0 0 -1
377 2 759 517 39 32 0 0 -1
378 1 851 613 150 67 0 0 -1
378 2 756 514 42 33 0 0 -1
379 1 851 618 150 64 0 0 -1
379 2 756 513 44 36 0 0 -1
380 1 851 618 150 64 0 0 -1
380 2 755 516 42 32 0 0 -1
381 1 846 623 150 64 0 0 -1
381 2 756 516 42 31 0 0 -1
382 1 846 623 150 64 0 0 -1
382 2 756 517 41 32 0 0 -1
383 1 846 628 150 64 0 0 -1
383 2 755 516 39 36 0 0 -1
384 1 846 631 150 61 0 0 -1
384 2 754 513 40 35 0 0 -1
385 1 851 634 150 61 0 0 -1
385 2 755 514 39 33 0 0 -1
386 1 851 637 150 58 0 0 -1
386 2 754 513 39 36 0 0 -1
387 1 851 642 150 58 0 0 -1
387 2 755 514 42 34 0 0 -1
388 1 851 642 150 58 0 0 -1
388 2 754 514 40 34 0 0 -1
389 1 856 647 150 62 0 0 -1
389 2 752 514 42 32 0 0 -1
390 1 866 647 150 62 0 0 -1
390 2 751 517 45 30 0 0 -1
391 1 876 652 150 62 0 0 -1
391 2 754 516 38 31 0 0 -1
392 1 886 652 150 62 0 0 -1
392 2 752 512 44 36 0 0 -1
393 1 891 657 150 62 0 0 -1
393 2 750 513 43 34 0 0 -1
394 1 891 657 150 62 0 0 -1
394 2 750 513 44 33 0 0 -1
395 1 896 667 150 62 0 0 -1
395 2 750 513 40 34 0 0 -1
396 1 896 667 150 62 0 0 -1
396 2 749 506 47 37 0 0 -1
397 1 901 672 150 62 0 0 -1
397 2 746 508 44 34 0 0 -1
398 1 906 677 147 62 0 0 -1
398 2 751 504 46 31 0 0 -1
399 1 906 682 147 62 0 0 -1
399 2 747 502 46 29 0 0 -1
400 1 911 681 143 62 0 0 -1
400 2 747 496 47 30 0 0 -1
401 1 911 686 143 62 0 0 -1
401 2 751 493 42 33 0 0 -1
402 1 911 691 143 62 0 0 -1
402 2 747 491 43 28 0 0 -1
403 1 911 691 143 62 0 0 -1
403 2 750 489 42 28 0 0 -1
404 1 906 691 143 62 0 0 -1
404 2 750 485 43 31 0 0 -1
405 1 906 691 143 62 0 0 -1
405 2 746 484 44 33 0 0 -1
406 1 906 691 143 62 0 0 -1
406 2 746 482 47 35 0 0 -1
407 1 906 691 143 62 0 0 -1
407 2 747 478 45 38 0 0 -1
408 1 901 691 143 62 0 0 -1
408 2 747 479 49 43 0 0 -1
409 1 901 691 143 62 0 0 -1
409 2 747 476 45 46 0 0 -1
410 1 901 696 138 62 0 0 -1
410 2 745 476 51 41 0 0 -1
411 1 896 696 138 62 0 0 -1
411 2 742 474 54 43 0 0 -1
412 1 896 696 138 62 0 0 -1
412 2 743 476 49 45 0 0 -1
413 1 896 696 138 62 0 0 -1
413 2 743 478 51 41 0 0 -1
414 1 896 701 138 62 0 0 -1
414 2 746 482 48 41 0 0 -1
415 1 891 706 138 62 0 0 -1
415 2 745 487 51 35 0 0 -1
416 1 891 706 138 62 0 0 -1
416 2 747 485 47 38 0 0 -1
417 1 891 712 138 56 0 0 -1
417 2 745 485 47 42 0 0 -1
418 1 891 712 138 56 0 0 -1
418 2 745 491 49 38 0 0 -1
419 1 891 712 138 56 0 0 -1
419 2 746 492 47 38 0 0 -1
420 1 891 712 138 56 0 0 -1
420 2 743 493 53 40 0 0 -1
421 1 894 712 138 56 0 0 -1
421 2 745 497 51 38 0 0 -1
422 1 896 712 138 56 0 0 -1
422 2 747 502 49 33 0 0 -1
423 1 896 712 138 56 0 0 -1
423 2 744 501 49 38 0 0 -1
424 1 896 712 138 56 0 0 -1
424 2 745 509 47 34 0 0 -1
425 1 896 712 138 56 0 0 -1
425 2 743 508 50 38 0 0 -1
426 1 901 707 138 56 0 0 -1
426 2 746 512 47 37 0 0 -1
427 1 906 697 138 56 0 0 -1
427 2 747 510 43 38 0 0 -1
428 1 911 682 138 56 0 0 -1
428 2 743 510 50 42 0 0 -1
429 1 916 662 138 56 0 0 -1
429 2 746 524 44 35 0 0 -1
430 1 916 662 138 56 0 0 -1
430 2 745 527 47 37 0 0 -1
431 1 921 647 138 56 0 0 -1
431 2 750 533 44 28 0 0 -1
432 1 931 637 138 56 0 0 -1
432 2 751 533 41 35 0 0 -1
433 1 936 622 138 56 0 0 -1
433 2 746 540 48 29 0 0 -1
434 1 941 607 138 56 0 0 -1
434 2 743 542 47 30 0 0 -1
435 1 951 597 138 56 0 0 -1
435 2 750 545 46 29 0 0 -1
436 1 951 597 138 56 0 0 -1
436 2 752 547 45 30 0 0 -1
437 1 956 592 138 56 0 0 -1
437 2 755 549 43 28 0 0 -1
438 1 961 592 138 56 0 0 -1
438 2 758 551 40 27 0 0 -1
439 1 961 587 138 56 0 0 -1
439 2 760 552 37 30 0 0 -1
440 1 965 587 133 56 0 0 -1
440 2 760 556 45 34 0 0 -1
441 1 965 582 133 56 0 0 -1
441 2 759 556 46 31 0 0 -1
442 1 965 582 133 56 0 0 -1
442 2 763 559 46 31 0 0 -1
443 1 965 582 133 56 0 0 -1
443 2 766 561 44 30 0 0 -1
444 1 965 587 133 56 0 0 -1
444 2 771 563 40 30 0 0 -1
445 1 955 592 133 56 0 0 -1
445 2 776 565 42 29 0 0 -1
446 1 945 592 133 56 0 0 -1
446 2 779 564 40 34 0 0 -1
447 1 935 597 133 56 0 0 -1
447 2 786 566 40 34 0 0 -1
448 1 935 597 133 56 0 0 -1
448 2 790 570 42 34 0 0 -1
449 1 925 597 133 56 0 0 -1
449 2 790 566 45 34 0 0 -1
450 1 910 602 133 56 0 0 -1
450 2 798 568 43 36 0 0 -1
451 1 900 602 133 56 0 0 -1
451 2 809 577 39 29 0 0 -1
452 1 885 602 133 56 0 0 -1
452 2 809 576 44 34 0 0 -1
453 1 875 602 133 56 0 0 -1
453 2 820 576 40 31 0 0 -1
454 1 875 602 133 56 0 0 -1
454 2 824 578 50 33 0 0 -1
455 1 862 597 131 56 0 0 -1
455 2 832 578 46 37 0 0 -1
456 1 862 597 131 56 0 0 -1
456 2 836 582 47 33 0 0 -1
457 1 857 597 131 56 0 0 -1
457 2 841 582 50 32 0 0 -1
458 1 852 587 131 56 0 0 -1
458 2 852 582 43 37 0 0 -1
459 1 852 572 131 56 0 0 -1
459 2 861 585 43 39 0 0 -1
460 1 852 572 131 56 0 0 -1
460 2 875 587 42 30 0 0 -1
461 1 847 562 131 53 0 0 -1
461 2 877 590 45 27 0 0 -1
462 1 847 547 131 53 0 0 -1
462 2 894 593 51 27 0 0 -1
463 1 842 542 131 53 0 0 -1
463 2 898 594 41 26 0 0 -1
464 1 842 537 131 53 0 0 -1
464 2 904 593 41 27 0 0 -1
465 1 837 537 131 53 0 0 -1
465 2 917 594 45 27 0 0 -1
466 1 837 537 131 53 0 0 -1
466 2 922 595 41 32 0 0 -1
467 1 832 537 131 53 0 0 -1
467 2 928 597 47 31 0 0 -1
468 1 827 537 131 53 0 0 -1
468 2 942 597 41 30 0 0 -1
469 1 817 537 131 53 0 0 -1
469 2 945 597 43 37 0 0 -1
470 1 817 532 131 53 0 0 -1
470 2 950 597 39 35 0 0 -1
471 1 811 527 131 53 0 0 -1
471 2 954 598 46 38 0 0 -1
472 1 811 527 131 53 0 0 -1
472 2 963 598 40 34 0 0 -1
473 1 811 522 131 53 0 0 -1
473 2 967 600 42 34 0 0 -1
474 1 806 517 131 53 0 0 -1
474 2 972 600 41 37 0 0 -1
475 1 806 512 131 53 0 0 -1
475 2 979 600 43 34 0 0 -1
476 1 806 507 131 53 0 0 -1
476 2 984 604 39 30 0 0 -1
477 1 806 502 131 53 0 0 -1
477 2 989 606 41 32 0 0 -1
478 1 806 487 131 53 0 0 -1
478 2 992 602 43 39 0 0 -1
479 1 806 487 131 53 0 0 -1
479 2 998 603 39 39 0 0 -1
480 1 806 477 131 53 0 0 -1
480 2 1003 602 37 39 0 0 -1
481 1 811 467 131 53 0 0 -1
481 2 1009 602 38 39 0 0 -1
482 1 811 452 131 53 0 0 -1
482 2 1013 603 38 37 0 0 -1
483 1 816 437 131 53 0 0 -1
483 2 1019 603 38 42 0 0 -1
484 1 826 422 125 53 0 0 -1
484 2 1024 604 34 37 0 0 -1
485 1 826 422 125 53 0 0 -1
485 2 1031 606 35 32 0 0 -1
486 1 831 412 125 53 0 0 -1
486 2 1034 610 37 31 0 0 -1
487 1 837 411 118 51 0 0 -1
487 2 1034 611 45 34 0 0 -1
488 1 837 401 118 51 0 0 -1
488 2 1043 616 49 30 0 0 -1
489 1 842 396 118 51 0 0 -1
489 2 1065 614 37 28 0 0 -1
490 1 847 391 118 51 0 0 -1
490 2 1068 614 45 32 0 0 -1
491 1 847 391 118 51 0 0 -1
491 2 1077 610 39 32 0 0 -1
492 1 847 391 118 51 0 0 -1
492 2 1079 607 49 33 0 0 -1
493 1 852 386 118 51 0 0 -1
493 2 1091 610 41 34 0 0 -1
494 1 852 381 118 51 0 0 -1
494 2 1103 612 44 34 0 0 -1
495 1 857 376 118 51 0 0 -1
495 2 1110 612 44 33 0 0 -1
496 1 857 376 118 51 0 0 -1
496 2 1117 612 47 32 0 0 -1
497 1 857 376 118 51 0 0 -1
497 2 1128 614 49 36 0 0 -1
498 1 862 373 118 49 0 0 -1
498 2 1137 615 48 31 0 0 -1
499 1 862 371 118 48 0 0 -1
499 2 1149 616 44 34 0 0 -1
500 1 867 371 114 46 0 0 -1
500 2 1158 617 47 33 0 0 -1
501 1 872 366 111 46 0 0 -1
501 2 1168 619 45 27 0 0 -1
502 1 877 361 111 46 0 0 -1
502 2 1184 611 38 38 0 0 -1
503 1 877 361 111 46 0 0 -1
503 2 1192 614 40 36 0 0 -1
504 1 882 358 104 44 0 0 -1
504 2 1204 614 35 34 0 0 -1
505 1 882 353 104 44 0 0 -1
505 2 1211 616 40 34 0 0 -1
506 1 887 348 104 44 0 0 -1
506 2 1219 619 41 31 0 0 -1
507 1 892 343 104 44 0 0 -1
507 2 1228 619 38 35 0 0 -1
508 1 897 338 101 41 0 0 -1
508 2 1238 621 35 36 0 0 -1
509 1 897 338 101 41 0 0 -1
509 2 1244 625 37 34 0 0 -1
510 1 897 328 101 41 0 0 -1
510 2 1255 625 34 34 0 0 -1
511 1 902 318 104 41 0 0 -1
511 2 1258 631 33 30 0 0 -1
512 1 912 308 101 41 0 0 -1
512 2 1261 633 38 32 0 0 -1
513 1 917 303 101 41 0 0 -1
513 2 1262 637 42 30 0 0 -1
514 1 922 293 101 41 0 0 -1
514 2 1270 636 43 32 0 0 -1
515 1 922 293 101 41 0 0 -1
515 2 1273 640 40 28 0 0 -1
516 1 927 288 101 41 0 0 -1
516 2 1275 638 40 30 0 0 -1
517 1 932 283 101 41 0 0 -1
517 2 1281 641 44 29 0 0 -1
518 1 937 278 101 41 0 0 -1
518 2 1283 638 43 33 0 0 -1
519 1 947 268 101 41 0 0 -1
519 2 1283 640 51 32 0 0 -1
520 1 952 263 101 41 0 0 -1
520 2 1287 641 51 30 0 0 -1
521 1 952 263 101 41 0 0 -1
521 2 1295 638 46 30 0 0 -1
522 1 957 253 101 41 0 0 -1
522 2 1295 637 46 30 0 0 -1
523 1 962 248 101 41 0 0 -1
523 2 1299 637 50 31 0 0 -1
524 1 972 243 95 41 0 0 -1
524 2 1303 638 50 30 0 0 -1
525 1 977 238 95 41 0 0 -1
525 2 1308 634 49 28 0 0 -1
526 1 982 233 95 41 0 0 -1
526 2 1309 633 50 28 0 0 -1
527 1 982 233 95 41 0 0 -1
527 2 1317 631 47 31 0 0 -1
528 1 987 228 95 41 0 0 -1
528 2 1321 629 49 28 0 0 -1
529 1 992 218 95 41 0 0 -1
529 2 1324 627 51 28 0 0 -1
530 1 997 213 95 41 0 0 -1
530 2 1326 627 49 30 0 0 -1
531 1 1002 203 95 41 0 0 -1
531 2 1332 623 44 26 0 0 -1
532 1 1007 193 95 41 0 0 -1
532 2 1338 620 49 29 0 0 -1
533 1 1007 193 95 41 0 0 -1
533 2 1341 619 48 27 0 0 -1
534 1 1012 183 95 41 0 0 -1
534 2 1342 615 54 30 0 0 -1
535 1 1021 175 91 37 0 0 -1
535 2 1347 611 51 35 0 0 -1
536 1 1021 165 91 37 0 0 -1
536 2 1354 614 51 27 0 0 -1
537 1 1023 147 91 37 0 0 -1
537 2 1358 607 46 27 0 0 -1
538 1 1028 132 91 37 0 0 -1
538 2 1362 604 52 32 0 0 -1
539 1 1028 132 91 37 0 0 -1
539 2 1364 604 46 32 0 0 -1
540 1 1033 122 91 37 0 0 -1
540 2 1371 600 42 31 0 0 -1
541 1 1029 114 91 37 0 0 -1
541 2 1377 595 37 34 0 0 -1
542 1 1029 109 91 37 0 0 -1
542 2 1383 591 42 33 0 0 -1
543 1 1029 104 91 37 0 0 -1
543 2 1384 589 43 32 0 0 -1
544 1 1024 99 91 37 0 0 -1
544 2 1384 585 44 34 0 0 -1
545 1 1024 99 91 37 0 0 -1
545 2 1387 580 41 39 0 0 -1
546 1 1024 94 91 37 0 0 -1
546 2 1393 582 45 34 0 0 -1
547 1 1024 94 91 37 0 0 -1
547 2 1396 577 42 35 0 0 -1
548 1 1022 97 91 37 0 0 -1
548 2 1396 572 49 42 0 0 -1
549 1 1022 97 91 37 0 0 -1
549 2 1402 569 46 41 0 0 -1
550 1 1027 112 91 37 0 0 -1
550 2 1406 570 43 40 0 0 -1
551 1 1027 112 91 37 0 0 -1
551 2 1410 571 41 35 0 0 -1
552 1 1032 122 91 37 0 0 -1
552 2 1417 565 44 34 0 0 -1
553 1 1032 132 91 37 0 0 -1
553 2 1415 561 46 43 0 0 -1
554 1 1032 147 91 37 0 0 -1
554 2 1417 561 43 42 0 0 -1
555 1 1032 152 91 37 0 0 -1
555 2 1415 564 44 43 0 0 -1
556 1 1027 162 91 37 0 0 -1
556 2 1419 564 41 38 0 0 -1
557 1 1022 162 91 37 0 0 -1
557 2 1422 564 39 39 0 0 -1
558 1 1017 162 91 37 0 0 -1
558 2 1427 564 37 31 0 0 -1
559 1 1017 162 91 37 0 0 -1
559 2 1424 561 38 34 0 0 -1
560 1 1012 162 91 37 0 0 -1
560 2 1430 563 38 28 0 0 -1
561 1 1002 162 91 37 0 0 -1
561 2 1426 563 39 32 0 0 -1
562 1 992 157 91 37 0 0 -1
562 2 1427 560 43 35 0 0 -1
563 1 992 157 91 37 0 0 -1
563 2 1427 560 41 31 0 0 -1
564 1 987 157 91 37 0 0 -1
564 2 1434 560 35 30 0 0 -1
565 1 972 152 91 37 0 0 -1
565 2 1430 559 42 35 0 0 -1
566 1 962 152 91 37 0 0 -1
566 2 1434 560 39 35 0 0 -1
567 1 957 147 91 37 0 0 -1
567 2 1431 560 46 34 0 0 -1
568 1 942 147 91 37 0 0 -1
568 2 1436 565 38 34 0 0 -1
569 1 942 147 91 37 0 0 -1
569 2 1430 569 43 33 0 0 -1
570 1 927 147 91 37 0 0 -1
570 2 1434 573 38 30 0 0 -1
571 1 917 142 91 37 0 0 -1
571 2 1435 577 41 30 0 0 -1
572 1 907 142 91 37 0 0 -1
572 2 1435 580 41 28 0 0 -1
573 1 905 138 88 36 0 0 -1
573 2 1436 583 41 28 0 0 -1
574 1 900 138 88 36 0 0 -1
574 2 1436 587 42 37 0 0 -1
575 1 900 138 88 36 0 0 -1
575 2 1436 590 43 37 0 0 -1
576 1 895 138 88 36 0 0 -1
576 2 1443 593 40 36 0 0 -1
577 1 890 138 88 36 0 0 -1
577 2 1442 595 37 37 0 0 -1
578 1 885 138 88 36 0 0 -1
578 2 1440 598 42 33 0 0 -1
579 1 880 133 88 36 0 0 -1
579 2 1442 603 41 29 0 0 -1
580 1 875 133 88 36 0 0 -1
580 2 1439 604 44 33 0 0 -1
581 1 875 133 88 36 0 0 -1
581 2 1442 604 40 33 0 0 -1
582 1 870 133 88 36 0 0 -1
582 2 1443 610 39 35 0 0 -1
583 1 865 133 88 36 0 0 -1
583 2 1443 606 38 38 0 0 -1
584 1 855 133 88 36 0 0 -1
584 2 1442 608 44 32 0 0 -1
585 1 850 133 88 36 0 0 -1
585 2 1444 606 35 36 0 0 -1
586 1 847 133 81 36 0 0 -1
586 2 1442 608 36 34 0 0 -1
587 1 847 133 81 36 0 0 -1
587 2 1443 608 35 34 0 0 -1
588 1 842 133 81 36 0 0 -1
588 2 1442 608 36 37 0 0 -1
589 1 832 133 81 36 0 0 -1
589 2 1442 612 34 33 0 0 -1
590 1 827 128 81 36 0 0 -1
590 2 1435 606 38 39 0 0 -1
591 1 817 128 81 36 0 0 -1
591 2 1427 604 38 49 0 0 -1
592 1 812 128 81 36 0 0 -1
592 2 1422 604 42 37 0 0 -1
593 1 812 128 81 36 0 0 -1
593 2 1415 604 40 44 0 0 -1
594 1 802 128 81 36 0 0 -1
594 2 1406 599 42 45 0 0 -1
595 1 792 128 81 36 0 0 -1
595 2 1400 612 39 29 0 0 -1
596 1 787 128 81 36 0 0 -1
596 2 1392 604 35 36 0 0 -1
597 1 782 128 81 36 0 0 -1
597 2 1376 610 45 35 0 0 -1
598 1 777 128 81 36 0 0 -1
598 2 1370 607 41 41 0 0 -1
599 1 777 128 81 36 0 0 -1
599 2 1359 602 39 43 0 0 -1
600 1 767 128 81 36 0 0 -1
600 2 1350 602 41 34 0 0 -1
601 1 767 123 69 36 0 0 -1
601 2 1335 605 42 36 0 0 -1
602 1 762 123 69 36 0 0 -1
602 2 1332 607 36 30 0 0 -1
603 1 754 118 69 36 0 0 -1
603 2 1320 604 39 37 0 0 -1
604 1 749 118 69 36 0 0 -1
604 2 1307 602 42 36 0 0 -1
605 1 749 118 69 36 0 0 -1
605 2 1294 603 42 38 0 0 -1
606 1 744 118 69 36 0 0 -1
606 2 1283 603 42 35 0 0 -1
607 1 739 113 69 36 0 0 -1
607 2 1272 604 40 32 0 0 -1
608 1 734 113 69 36 0 0 -1
608 2 1258 604 45 33 0 0 -1
609 1 729 111 69 38 0 0 -1
609 2 1244 603 50 35 0 0 -1
610 1 724 111 69 38 0 0 -1
610 2 1234 600 48 40 0 0 -1
611 1 724 111 69 38 0 0 -1
611 2 1221 599 54 37 0 0 -1
612 1 714 111 69 38 0 0 -1
612 2 1210 600 56 37 0 0 -1
613 1 707 111 71 38 0 0 -1
613 2 1198 599 53 37 0 0 -1
614 1 701 111 72 38 0 0 -1
614 2 1194 603 50 33 0 0 -1
615 1 691 111 72 38 0 0 -1
615 2 1184 604 50 33 0 0 -1
616 1 686 111 72 38 0 0 -1
616 2 1177 608 50 36 0 0 -1
617 1 686 111 72 38 0 0 -1
617 2 1173 614 38 30 0 0 -1
618 1 681 111 72 38 0 0 -1
618 2 1162 617 49 31 0 0 -1
619 1 671 111 72 38 0 0 -1
619 2 1154 619 47 34 0 0 -1
620 1 666 106 72 38 0 0 -1
620 2 1145 620 48 30 0 0 -1
621 1 661 106 72 38 0 0 -1
621 2 1134 624 49 30 0 0 -1
622 1 656 101 72 38 0 0 -1
622 2 1126 629 47 32 0 0 -1
623 1 651 101 72 38 0 0 -1
623 2 1121 631 47 32 0 0 -1
624 1 646 101 72 38 0 0 -1
624 2 1113 634 54 33 0 0 -1
625 1 635 99 78 38 0 0 -1
625 2 1111 637 49 30 0 0 -1
626 1 630 99 78 38 0 0 -1
626 2 1104 638 54 29 0 0 -1
627 1 625 94 78 38 0 0 -1
627 2 1099 642 56 28 0 0 -1
628 1 615 94 78 38 0 0 -1
628 2 1088 642 57 34 0 0 -1
629 1 615 94 78 38 0 0 -1
629 2 1088 644 54 28 0 0 -1
630 1 605 94 78 38 0 0 -1
630 2 1085 646 51 32 0 0 -1
631 1 600 94 78 38 0 0 -1
631 2 1078 645 55 33 0 0 -1
632 1 594 91 82 41 0 0 -1
632 2 1075 645 53 33 0 0 -1
633 1 584 91 82 41 0 0 -1
633 2 1075 645 53 34 0 0 -1
634 1 579 91 82 41 0 0 -1
634 2 1070 645 56 29 0 0 -1
635 1 579 91 82 41 0 0 -1
635 2 1066 645 51 37 0 0 -1
636 1 574 91 82 41 0 0 -1
636 2 1065 646 52 30 0 0 -1
637 1 564 93 84 39 0 0 -1
637 2 1068 640 43 32 0 0 -1
638 1 559 93 84 39 0 0 -1
638 2 1053 638 55 33 0 0 -1
639 1 549 98 84 39 0 0 -1
639 2 1045 640 55 30 0 0 -1
640 1 544 98 84 39 0 0 -1
640 2 1043 636 52 27 0 0 -1
641 1 539 98 84 39 0 0 -1
641 2 1044 633 52 30 0 0 -1
642 1 539 98 84 39 0 0 -1
642 2 1036 629 59 37 0 0 -1
643 1 529 103 84 39 0 0 -1
643 2 1036 625 51 40 0 0 -1
644 1 519 105 84 39 0 0 -1
644 2 1028 621 45 42 0 0 -1
645 1 514 105 84 39 0 0 -1
645 2 1024 623 46 32 0 0 -1
646 1 504 110 84 39 0 0 -1
646 2 1022 618 46 35 0 0 -1
647 1 494 110 84 39 0 0 -1
647 2 1018 619 51 30 0 0 -1
648 1 494 112 84 39 0 0 -1
648 2 1014 616 46 35 0 0 -1
649 1 485 116 88 40 0 0 -1
649 2 1009 610 47 36 0 0 -1
650 1 475 116 88 40 0 0 -1
650 2 1007 606 45 42 0 0 -1
651 1 466 121 88 40 0 0 -1
651 2 1002 600 46 44 0 0 -1
652 1 456 126 88 40 0 0 -1
652 2 997 602 46 40 0 0 -1
653 1 451 126 88 40 0 0 -1
653 2 992 602 44 39 0 0 -1
654 1 451 126 88 40 0 0 -1
654 2 983 598 44 42 0 0 -1
655 1 441 126 88 40 0 0 -1
655 2 976 595 48 43 0 0 -1
656 1 431 131 88 40 0 0 -1
656 2 969 595 48 39 0 0 -1
657 1 426 131 88 40 0 0 -1
657 2 963 594 47 39 0 0 -1
658 1 416 136 88 40 0 0 -1
658 2 955 591 47 42 0 0 -1
659 1 406 136 88 40 0 0 -1
659 2 946 589 48 44 0 0 -1
660 1 406 136 88 40 0 0 -1
660 2 938 589 47 39 0 0 -1
661 1 401 141 88 40 0 0 -1
661 2 928 587 48 40 0 0 -1
662 1 391 141 88 40 0 0 -1
662 2 916 585 46 39 0 0 -1
663 1 386 141 88 40 0 0 -1
663 2 907 582 49 43 0 0 -1
664 1 381 146 88 40 0 0 -1
664 2 895 582 51 42 0 0 -1
665 1 372 150 88 40 0 0 -1
665 2 885 582 45 38 0 0 -1
666 1 372 150 88 40 0 0 -1
666 2 870 582 50 37 0 0 -1
667 1 367 150 88 40 0 0 -1
667 2 857 578 52 43 0 0 -1
668 1 357 155 88 40 0 0 -1
668 2 844 580 52 39 0 0 -1
669 1 352 155 88 40 0 0 -1
669 2 837 577 48 37 0 0 -1
670 1 347 155 88 40 0 0 -1
670 2 822 577 47 35 0 0 -1
671 1 342 160 88 40 0 0 -1
671 2 807 577 54 38 0 0 -1
672 1 342 160 88 40 0 0 -1
672 2 792 574 53 41 0 0 -1
673 1 337 160 88 40 0 0 -1
673 2 780 573 51 39 0 0 -1
674 1 332 160 88 40 0 0 -1
674 2 764 569 51 43 0 0 -1
675 1 327 160 88 40 0 0 -1
675 2 758 569 45 39 0 0 -1
676 1 322 165 88 40 0 0 -1
676 2 733 564 56 40 0 0 -1
677 1 317 165 88 40 0 0 -1
677 2 718 564 55 39 0 0 -1
678 1 317 165 88 40 0 0 -1
678 2 704 559 56 40 0 0 -1
679 1 307 165 88 40 0 0 -1
679 2 688 552 55 45 0 0 -1
680 1 307 165 88 40 0 0 -1
680 2 670 539 58 48 0 0 -1
681 1 302 170 88 40 0 0 -1
681 2 661 534 55 51 0 0 -1
682 1 297 175 88 40 0 0 -1
682 2 650 530 58 46 0 0 -1
683 1 292 175 88 40 0 0 -1
683 2 640 526 54 43 0 0 -1
684 1 292 175 88 40 0 0 -1
684 2 630 517 53 46 0 0 -1
685 1 287 175 88 40 0 0 -1
685 2 623 512 50 45 0 0 -1
686 1 282 175 88 40 0 0 -1
686 2 613 505 53 46 0 0 -1
687 1 277 175 88 40 0 0 -1
687 2 606 497 51 43 0 0 -1
688 1 277 175 88 40 0 0 -1
688 2 598 491 52 44 0 0 -1
689 1 272 180 88 40 0 0 -1
689 2 594 482 51 41 0 0 -1
690 1 272 180 88 40 0 0 -1
690 2 590 475 51 42 0 0 -1
691 1 267 180 88 40 0 0 -1
691 2 585 468 51 38 0 0 -1
692 1 262 180 88 40 0 0 -1
692 2 584 455 55 41 0 0 -1
693 1 257 180 88 40 0 0 -1
693 2 579 445 57 40 0 0 -1
694 1 257 180 88 40 0 0 -1
694 2 576 436 51 36 0 0 -1
695 1 252 175 88 40 0 0 -1
695 2 576 424 54 37 0 0 -1
696 1 252 175 88 40 0 0 -1
696 2 575 412 49 36 0 0 -1
697 1 247 175 88 40 0 0 -1
697 2 573 399 53 34 0 0 -1
698 1 247 175 88 40 0 0 -1
698 2 571 383 53 38 0 0 -1
699 1 247 175 88 40 0 0 -1
699 2 571 369 45 43 0 0 -1
700 1 242 175 88 40 0 0 -1
700 2 564 356 55 35 0 0 -1
701 1 237 175 88 40 0 0 -1
701 2 563 339 56 39 0 0 -1
702 1 237 175 88 40 0 0 -1
702 2 563 326 53 38 0 0 -1
703 1 237 175 88 40 0 0 -1
703 2 563 310 50 41 0 0 -1
704 1 237 175 88 40 0 0 -1
704 2 558 295 55 41 0 0 -1
705 1 237 175 88 40 0 0 -1
705 2 558 279 52 43 0 0 -1
706 1 237 175 88 40 0 0 -1
706 2 556 264 55 42 0 0 -1
707 1 237 175 88 40 0 0 -1
707 2 555 249 51 42 0 0 -1
708 1 237 175 88 40 0 0 -1
708 2 555 236 51 43 0 0 -1
709 1 237 175 88 40 0 0 -1
709 2 556 227 53 40 0 0 -1
710 1 232 175 88 40 0 0 -1
710 2 554 212 55 41 0 0 -1
711 1 237 175 88 40 0 0 -1
711 2 551 202 51 38 0 0 -1
712 1 237 175 88 40 0 0 -1
712 2 548 189 57 38 0 0 -1
713 1 232 175 88 40 0 0 -1
713 2 546 176 57 41 0 0 -1
714 1 232 175 88 40 0 0 -1
714 2 545 168 53 42 0 0 -1
715 1 232 175 88 40 0 0 -1
715 2 543 155 54 44 0 0 -1
716 1 232 180 88 40 0 0 -1
716 2 539 145 59 46 0 0 -1
717 1 232 185 88 40 0 0 -1
717 2 539 140 55 42 0 0 -1
718 1 232 190 88 40 0 0 -1
718 2 542 134 42 45 0 0 -1
719 1 227 195 88 40 0 0 -1
719 2 539 130 52 43 0 0 -1
720 1 227 195 88 40 0 0 -1
720 2 538 122 48 42 0 0 -1
721 1 217 195 88 40 0 0 -1
721 2 535 115 51 50 0 0 -1
722 1 217 200 88 40 0 0 -1
722 2 533 114 53 46 0 0 -1
723 1 218 200 80 40 0 0 -1
723 2 531 110 55 47 0 0 -1
724 1 213 200 80 40 0 0 -1
724 2 529 109 53 48 0 0 -1
725 1 213 200 80 40 0 0 -1
725 2 526 109 56 46 0 0 -1
726 1 213 200 80 40 0 0 -1
726 2 525 110 54 47 0 0 -1
727 1 208 200 80 40 0 0 -1
727 2 526 108 51 47 0 0 -1
728 1 203 200 80 40 0 0 -1
728 2 522 110 51 49 0 0 -1
729 1 198 200 80 40 0 0 -1
729 2 521 113 57 47 0 0 -1
730 1 202 200 70 40 0 0 -1
730 2 524 114 52 48 0 0 -1
731 1 202 200 70 40 0 0 -1
731 2 521 117 55 47 0 0 -1
732 1 202 200 70 40 0 0 -1
732 2 520 118 51 46 0 0 -1
733 1 197 195 70 40 0 0 -1
733 2 525 123 47 47 0 0 -1
734 1 192 195 70 40 0 0 -1
734 2 524 127 47 46 0 0 -1
735 1 187 195 70 40 0 0 -1
735 2 522 130 53 47 0 0 -1
736 1 187 195 70 40 0 0 -1
736 2 520 130 53 51 0 0 -1
737 1 182 200 70 40 0 0 -1
737 2 520 135 51 50 0 0 -1
738 1 182 200 70 40 0 0 -1
738 2 521 140 52 46 0 0 -1
739 1 177 200 70 40 0 0 -1
739 2 522 145 51 45 0 0 -1
740 1 177 205 70 40 0 0 -1
740 2 524 152 47 43 0 0 -1
741 1 172 205 70 40 0 0 -1
741 2 521 156 51 43 0 0 -1
742 1 172 205 70 40 0 0 -1
742 2 524 161 51 45 0 0 -1
743 1 167 210 70 40 0 0 -1
743 2 525 166 47 42 0 0 -1
744 1 167 210 70 40 0 0 -1
744 2 522 169 50 42 0 0 -1
745 1 167 210 70 40 0 0 -1
745 2 525 177 47 39 0 0 -1
746 1 167 215 70 40 0 0 -1
746 2 526 187 51 37 0 0 -1
747 1 167 215 70 40 0 0 -1
747 2 525 189 54 35 0 0 -1
748 1 167 225 70 40 0 0 -1
748 2 528 191 51 41 0 0 -1
749 1 167 230 70 40 0 0 -1
749 2 529 196 52 36 0 0 -1
750 1 167 230 70 40 0 0 -1
750 2 530 200 55 37 0 0 -1
751 1 167 230 70 40 0 0 -1
751 2 534 203 54 35 0 0 -1
752 1 167 235 70 40 0 0 -1
752 2 531 208 53 32 0 0 -1
753 1 172 240 70 40 0 0 -1
753 2 533 210 52 30 0 0 -1
754 1 172 245 70 40 0 0 -1
754 2 533 213 52 31 0 0 -1
755 1 172 250 70 40 0 0 -1
755 2 533 216 51 29 0 0 -1
756 1 172 250 70 40 0 0 -1
756 2 535 213 44 34 0 0 -1
757 1 172 259 75 40 0 0 -1
757 2 537 217 43 32 0 0 -1
758 1 172 259 75 40 0 0 -1
758 2 538 219 44 36 0 0 -1
759 1 172 269 75 40 0 0 -1
759 2 534 219 47 32 0 0 -1
760 1 172 269 75 40 0 0 -1
760 2 537 220 45 35 0 0 -1
761 1 172 274 75 40 0 0 -1
761 2 539 223 43 36 0 0 -1
762 1 172 274 75 40 0 0 -1
762 2 539 224 40 30 0 0 -1
763 1 172 279 75 40 0 0 -1
763 2 533 223 49 36 0 0 -1
764 1 177 284 75 40 0 0 -1
764 2 531 224 48 37 0 0 -1
765 1 177 284 75 40 0 0 -1
765 2 530 227 56 34 0 0 -1
766 1 177 284 75 40 0 0 -1
766 2 534 227 48 34 0 0 -1
767 1 177 284 75 40 0 0 -1
767 2 534 229 46 32 0 0 -1
768 1 177 289 75 40 0 0 -1
768 2 534 230 47 32 0 0 -1
769 1 170 290 82 40 0 0 -1
769 2 533 230 47 34 0 0 -1
770 1 170 290 82 40 0 0 -1
770 2 533 229 49 32 0 0 -1
771 1 170 295 82 40 0 0 -1
771 2 533 229 52 37 0 0 -1
772 1 170 295 82 40 0 0 -1
772 2 533 229 51 38 0 0 -1
773 1 170 295 82 40 0 0 -1
773 2 535 232 47 35 0 0 -1
774 1 170 295 82 40 0 0 -1
774 2 533 234 51 32 0 0 -1
775 1 170 295 82 40 0 0 -1
775 2 533 232 52 34 0 0 -1
776 1 170 295 82 40 0 0 -1
776 2 538 237 44 30 0 0 -1
777 1 170 295 82 40 0 0 -1
777 2 538 234 44 34 0 0 -1
778 1 170 295 82 40 0 0 -1
778 2 537 233 45 34 0 0 -1
779 1 170 295 82 40 0 0 -1
779 2 534 233 51 41 0 0 -1
780 1 170 295 82 40 0 0 -1
780 2 534 232 52 40 0 0 -1
781 1 170 295 82 40 0 0 -1
781 2 535 234 50 38 0 0 -1
782 1 170 295 82 40 0 0 -1
782 2 535 233 49 38 0 0 -1
783 1 170 295 82 40 0 0 -1
783 2 539 236 51 38 0 0 -1
784 1 170 295 82 40 0 0 -1
784 2 539 237 50 35 0 0 -1
785 1 170 295 82 40 0 0 -1
785 2 541 237 51 34 0 0 -1
786 1 170 295 82 40 0 0 -1
786 2 539 237 53 38 0 0 -1
787 1 170 295 82 40 0 0 -1
787 2 542 240 51 34 0 0 -1
788 1 175 295 82 40 0 0 -1
788 2 543 240 51 31 0 0 -1
789 1 175 300 82 40 0 0 -1
789 2 546 242 51 30 0 0 -1
790 1 180 300 82 40 0 0 -1
790 2 550 244 49 31 0 0 -1
791 1 180 305 82 40 0 0 -1
791 2 550 247 51 25 0 0 -1
792 1 180 305 82 40 0 0 -1
792 2 556 247 49 25 0 0 -1
793 1 180 305 82 40 0 0 -1
793 2 556 245 47 30 0 0 -1
794 1 185 305 82 40 0 0 -1
794 2 559 245 44 29 0 0 -1
795 1 185 310 82 40 0 0 -1
795 2 559 244 47 28 0 0 -1
796 1 185 310 82 40 0 0 -1
796 2 558 246 44 32 0 0 -1
797 1 190 310 82 40 0 0 -1
797 2 558 250 44 28 0 0 -1
798 1 190 310 82 40 0 0 -1
798 2 558 246 52 29 0 0 -1
799 1 190 315 82 40 0 0 -1
799 2 562 245 49 30 0 0 -1
800 1 195 310 82 40 0 0 -1
800 2 565 247 50 29 0 0 -1
801 1 195 310 82 40 0 0 -1
801 2 568 244 46 31 0 0 -1
802 1 200 315 82 40 0 0 -1
802 2 568 242 41 36 0 0 -1
803 1 200 315 82 40 0 0 -1
803 2 572 246 43 30 0 0 -1
804 1 205 315 82 40 0 0 -1
804 2 567 241 49 35 0 0 -1
805 1 205 315 82 40 0 0 -1
805 2 569 238 45 34 0 0 -1
806 1 210 315 82 40 0 0 -1
806 2 571 241 45 34 0 0 -1
807 1 210 315 82 40 0 0 -1
807 2 575 238 45 40 0 0 -1
808 1 215 315 82 40 0 0 -1
808 2 580 240 39 41 0 0 -1
809 1 215 315 82 40 0 0 -1
809 2 582 238 37 41 0 0 -1
810 1 220 320 82 40 0 0 -1
810 2 584 237 40 41 0 0 -1
811 1 220 315 82 40 0 0 -1
811 2 595 242 40 38 0 0 -1
812 1 220 315 82 40 0 0 -1
812 2 601 245 36 34 0 0 -1
813 1 220 320 82 40 0 0 -1
813 2 605 240 39 39 0 0 -1
814 1 225 315 82 40 0 0 -1
814 2 611 242 36 38 0 0 -1
815 1 230 315 82 40 0 0 -1
815 2 618 241 36 37 0 0 -1
816 1 230 315 82 40 0 0 -1
816 2 622 240 40 39 0 0 -1
817 1 230 315 83 40 0 0 -1
817 2 630 236 37 42 0 0 -1
818 1 235 315 83 40 0 0 -1
818 2 635 237 42 41 0 0 -1
819 1 235 315 83 40 0 0 -1
819 2 644 237 43 41 0 0 -1
820 1 240 315 83 40 0 0 -1
820 2 653 237 41 38 0 0 -1
821 1 240 315 83 40 0 0 -1
821 2 660 240 44 35 0 0 -1
822 1 245 315 83 40 0 0 -1
822 2 671 241 40 31 0 0 -1
823 1 245 315 83 40 0 0 -1
823 2 681 237 36 38 0 0 -1
824 1 250 315 83 40 0 0 -1
824 2 687 237 39 37 0 0 -1
825 1 255 315 83 40 0 0 -1
825 2 691 242 47 34 0 0 -1
826 1 255 310 83 40 0 0 -1
826 2 713 242 37 32 0 0 -1
827 1 260 310 83 40 0 0 -1
827 2 715 238 39 33 0 0 -1
828 1 270 310 83 40 0 0 -1
828 2 733 238 33 30 0 0 -1
829 1 270 310 83 40 0 0 -1
829 2 738 241 42 29 0 0 -1
830 1 275 310 83 40 0 0 -1
830 2 752 238 38 30 0 0 -1
831 1 275 310 83 40 0 0 -1
831 2 762 240 40 32 0 0 -1
832 1 285 310 83 40 0 0 -1
832 2 776 234 35 30 0 0 -1
833 1 290 310 83 40 0 0 -1
833 2 785 232 43 34 0 0 -1
834 1 295 305 83 40 0 0 -1
834 2 796 229 41 37 0 0 -1
835 1 295 305 83 40 0 0 -1
835 2 806 228 46 35 0 0 -1
836 1 300 305 83 40 0 0 -1
836 2 820 233 46 30 0 0 -1
837 1 305 305 83 40 0 0 -1
837 2 834 233 39 29 0 0 -1
838 1 310 305 83 40 0 0 -1
838 2 845 233 38 29 0 0 -1
839 1 315 305 83 40 0 0 -1
839 2 861 228 41 42 0 0 -1
840 1 325 305 83 40 0 0 -1
840 2 875 229 41 41 0 0 -1
841 1 325 305 83 40 0 0 -1
841 2 885 227 41 40 0 0 -1
842 1 330 305 83 40 0 0 -1
842 2 900 230 39 37 0 0 -1
843 1 335 305 83 40 0 0 -1
843 2 912 223 44 41 0 0 -1
844 1 340 305 83 40 0 0 -1
844 2 925 224 43 40 0 0 -1
845 1 345 310 83 40 0 0 -1
845 2 939 225 44 42 0 0 -1
846 1 355 310 83 40 0 0 -1
846 2 951 225 49 39 0 0 -1
847 1 355 310 83 40 0 0 -1
847 2 967 223 47 43 0 0 -1
848 1 355 310 83 40 0 0 -1
848 2 980 224 47 42 0 0 -1
849 1 360 310 83 40 0 0 -1
849 2 997 225 48 37 0 0 -1
850 1 365 310 83 40 0 0 -1
850 2 1011 224 50 38 0 0 -1
851 1 370 320 83 40 0 0 -1
851 2 1026 223 49 39 0 0 -1
852 1 375 320 83 40 0 0 -1
852 2 1043 224 51 34 0 0 -1
853 1 375 320 83 40 0 0 -1
853 2 1056 225 48 32 0 0 -1
854 1 384 325 74 40 0 0 -1
854 2 1075 224 45 35 0 0 -1
855 1 384 330 74 40 0 0 -1
855 2 1090 224 40 37 0 0 -1
856 1 384 335 74 40 0 0 -1
856 2 1104 220 43 38 0 0 -1
857 1 389 340 74 40 0 0 -1
857 2 1119 219 45 39 0 0 -1
858 1 389 340 74 40 0 0 -1
858 2 1134 216 43 41 0 0 -1
859 1 389 340 74 40 0 0 -1
859 2 1150 212 37 47 0 0 -1
860 1 394 345 74 40 0 0 -1
860 2 1164 212 37 46 0 0 -1
861 1 399 350 74 40 0 0 -1
861 2 1173 217 42 41 0 0 -1
862 1 404 355 74 40 0 0 -1
862 2 1187 212 41 47 0 0 -1
863 1 409 360 74 40 0 0 -1
863 2 1197 210 43 48 0 0 -1
864 1 409 365 74 40 0 0 -1
864 2 1213 211 35 46 0 0 -1
865 1 409 370 74 40 0 0 -1
865 2 1221 211 40 48 0 0 -1
866 1 419 375 74 40 0 0 -1
866 2 1230 212 38 46 0 0 -1
867 1 419 380 74 40 0 0 -1
867 2 1239 212 46 46 0 0 -1
868 1 424 380 74 40 0 0 -1
868 2 1245 213 44 45 0 0 -1
869 1 431 388 74 40 0 0 -1
869 2 1256 215 40 44 0 0 -1
870 1 436 393 74 40 0 0 -1
870 2 1265 215 39 43 0 0 -1
871 1 436 393 74 40 0 0 -1
871 2 1272 212 41 47 0 0 -1
872 1 441 398 74 40 0 0 -1
872 2 1282 211 37 46 0 0 -1
873 1 446 403 74 40 0 0 -1
873 2 1287 213 41 48 0 0 -1
874 1 456 408 74 40 0 0 -1
874 2 1290 213 42 45 0 0 -1
875 1 461 413 74 40 0 0 -1
875 2 1300 215 40 40 0 0 -1
876 1 471 418 74 40 0 0 -1
876 2 1306 216 39 42 0 0 -1
877 1 471 418 74 40 0 0 -1
877 2 1309 213 44 49 0 0 -1
878 1 476 423 74 40 0 0 -1
878 2 1312 217 46 44 0 0 -1
879 1 481 428 74 40 0 0 -1
879 2 1321 217 43 44 0 0 -1
880 1 491 433 74 40 0 0 -1
880 2 1326 221 46 45 0 0 -1
881 1 491 443 74 40 0 0 -1
881 2 1334 227 38 41 0 0 -1
882 1 501 443 74 40 0 0 -1
882 2 1333 227 46 44 0 0 -1
883 1 501 443 74 40 0 0 -1
883 2 1341 233 40 45 0 0 -1
884 1 506 453 74 40 0 0 -1
884 2 1346 240 38 44 0 0 -1
885 1 516 458 74 40 0 0 -1
885 2 1351 245 43 48 0 0 -1
886 1 521 463 74 40 0 0 -1
886 2 1359 251 38 46 0 0 -1
887 1 526 468 74 40 0 0 -1
887 2 1363 262 37 42 0 0 -1
888 1 536 473 74 40 0 0 -1
888 2 1368 266 38 47 0 0 -1
889 1 536 473 74 40 0 0 -1
889 2 1370 278 41 40 0 0 -1
890 1 541 483 74 40 0 0 -1
890 2 1370 284 45 43 0 0 -1
891 1 546 488 74 40 0 0 -1
891 2 1377 292 44 42 0 0 -1
892 1 556 488 74 40 0 0 -1
892 2 1380 301 43 41 0 0 -1
893 1 566 493 74 40 0 0 -1
893 2 1384 306 41 42 0 0 -1
894 1 576 498 74 40 0 0 -1
894 2 1387 318 41 37 0 0 -1
895 1 576 498 74 40 0 0 -1
895 2 1389 325 39 43 0 0 -1
896 1 581 503 74 40 0 0 -1
896 2 1392 331 40 42 0 0 -1
897 1 586 513 74 40 0 0 -1
897 2 1389 340 47 42 0 0 -1
898 1 596 513 74 40 0 0 -1
898 2 1394 348 44 42 0 0 -1
899 1 601 523 74 40 0 0 -1
899 2 1396 359 43 40 0 0 -1
900 1 606 528 74 40 0 0 -1
900 2 1397 365 45 43 0 0 -1
901 1 606 528 74 40 0 0 -1
901 2 1401 374 41 41 0 0 -1
902 1 616 533 74 40 0 0 -1
902 2 1401 385 43 39 0 0 -1
903 1 621 538 74 40 0 0 -1
903 2 1400 395 43 37 0 0 -1
904 1 626 543 74 40 0 0 -1
904 2 1401 403 39 37 0 0 -1
905 1 631 543 74 40 0 0 -1
905 2 1400 411 53 34 0 0 -1
906 1 646 548 74 40 0 0 -1
906 2 1401 421 52 32 0 0 -1
907 1 646 548 74 40 0 0 -1
907 2 1404 430 48 31 0 0 -1
908 1 651 548 74 40 0 0 -1
908 2 1405 433 44 34 0 0 -1
909 1 656 553 74 40 0 0 -1
909 2 1406 442 46 32 0 0 -1
910 1 661 553 74 40 0 0 -1
910 2 1404 450 49 30 0 0 -1
911 1 671 555 74 40 0 0 -1
911 2 1405 458 51 29 0 0 -1
912 1 675 558 74 40 0 0 -1
912 2 1414 463 45 32 0 0 -1
913 1 675 558 74 40 0 0 -1
913 2 1411 468 44 36 0 0 -1
914 1 685 563 74 40 0 0 -1
914 2 1410 478 43 34 0 0 -1
915 1 695 563 74 40 0 0 -1
915 2 1414 483 45 31 0 0 -1
916 1 700 568 74 40 0 0 -1
916 2 1415 488 45 33 0 0 -1
917 1 705 568 74 40 0 0 -1
917 2 1414 496 51 30 0 0 -1
918 1 710 568 74 40 0 0 -1
918 2 1417 505 42 29 0 0 -1
919 1 710 568 74 40 0 0 -1
919 2 1418 509 37 31 0 0 -1
920 1 715 568 74 40 0 0 -1
920 2 1423 518 36 30 0 0 -1
921 1 725 568 74 40 0 0 -1
921 2 1417 526 43 29 0 0 -1
922 1 730 568 74 40 0 0 -1
922 2 1422 530 38 30 0 0 -1
923 1 740 568 74 40 0 0 -1
923 2 1425 538 37 25 0 0 -1
924 1 745 568 74 40 0 0 -1
924 2 1425 538 39 27 0 0 -1
925 1 745 573 74 40 0 0 -1
925 2 1426 542 34 26 0 0 -1
926 1 750 568 74 40 0 0 -1
926 2 1430 543 39 33 0 0 -1
927 1 760 568 74 40 0 0 -1
927 2 1427 544 41 37 0 0 -1
928 1 765 568 74 40 0 0 -1
928 2 1428 552 41 31 0 0 -1
929 1 775 568 74 40 0 0 -1
929 2 1434 555 39 26 0 0 -1
930 1 780 568 74 40 0 0 -1
930 2 1432 557 44 28 0 0 -1
931 1 780 568 74 40 0 0 -1
931 2 1435 556 39 27 0 0 -1
932 1 790 573 74 40 0 0 -1
932 2 1439 556 42 33 0 0 -1
933 1 795 573 74 40 0 0 -1
933 2 1436 555 50 34 0 0 -1
934 1 805 568 74 40 0 0 -1
934 2 1438 555 48 35 0 0 -1
935 1 810 573 74 40 0 0 -1
935 2 1440 557 46 34 0 0 -1
936 1 815 572 79 36 0 0 -1
936 2 1443 555 44 30 0 0 -1
937 1 815 572 79 36 0 0 -1
937 2 1440 555 54 30 0 0 -1
938 1 825 572 79 36 0 0 -1
938 2 1448 556 43 29 0 0 -1
939 1 830 567 79 36 0 0 -1
939 2 1448 555 50 28 0 0 -1
940 1 840 562 79 36 0 0 -1
940 2 1452 552 44 31 0 0 -1
941 1 845 562 79 36 0 0 -1
941 2 1453 551 43 27 0 0 -1
942 1 855 557 79 36 0 0 -1
942 2 1452 546 52 30 0 0 -1
943 1 855 557 79 36 0 0 -1
943 2 1461 546 42 31 0 0 -1
944 1 860 552 79 36 0 0 -1
944 2 1460 543 51 31 0 0 -1
945 1 870 547 79 36 0 0 -1
945 2 1465 539 48 30 0 0 -1
946 1 875 547 79 36 0 0 -1
946 2 1466 535 49 30 0 0 -1
947 1 885 542 79 36 0 0 -1
947 2 1470 534 47 31 0 0 -1
948 1 895 542 79 36 0 0 -1
948 2 1478 531 41 33 0 0 -1
949 1 895 542 79 36 0 0 -1
949 2 1476 522 43 39 0 0 -1
950 1 905 542 79 36 0 0 -1
950 2 1481 522 44 38 0 0 -1
951 1 910 537 79 36 0 0 -1
951 2 1487 518 45 38 0 0 -1
952 1 920 537 79 36 0 0 -1
952 2 1485 514 44 38 0 0 -1
953 1 925 532 79 36 0 0 -1
953 2 1486 509 43 34 0 0 -1
954 1 930 532 79 36 0 0 -1
954 2 1489 506 43 36 0 0 -1
955 1 935 532 79 36 0 0 -1
955 2 1493 500 44 40 0 0 -1
956 1 940 532 79 36 0 0 -1
956 2 1490 500 47 39 0 0 -1
957 1 945 527 79 36 0 0 -1
957 2 1493 497 47 37 0 0 -1
958 1 955 527 79 36 0 0 -1
958 2 1491 496 51 37 0 0 -1
959 1 960 522 79 36 0 0 -1
959 2 1493 494 47 36 0 0 -1
960 1 965 512 79 36 0 0 -1
960 2 1494 488 42 38 0 0 -1
961 1 970 507 79 36 0 0 -1
961 2 1496 487 51 31 0 0 -1
962 1 970 507 79 36 0 0 -1
962 2 1498 476 45 38 0 0 -1
963 1 975 497 79 36 0 0 -1
963 2 1498 466 53 44 0 0 -1
964 1 983 497 79 36 0 0 -1
964 2 1500 461 49 40 0 0 -1
965 1 983 487 79 36 0 0 -1
965 2 1496 454 49 42 0 0 -1
966 1 988 482 79 36 0 0 -1
966 2 1500 449 53 43 0 0 -1
967 1 988 472 79 36 0 0 -1
967 2 1495 442 58 41 0 0 -1
968 1 993 472 79 36 0 0 -1
968 2 1500 436 54 39 0 0 -1
969 1 993 472 79 36 0 0 -1
969 2 1498 427 56 41 0 0 -1
970 1 998 462 79 36 0 0 -1
970 2 1498 421 49 36 0 0 -1
971 1 1003 457 79 36 0 0 -1
971 2 1499 411 51 38 0 0 -1
972 1 1003 452 79 36 0 0 -1
972 2 1500 402 49 40 0 0 -1
973 1 1008 452 79 36 0 0 -1
973 2 1499 390 54 43 0 0 -1
974 1 1008 452 79 36 0 0 -1
974 2 1500 381 51 38 0 0 -1
975 1 1008 442 79 36 0 0 -1
975 2 1500 369 47 45 0 0 -1
976 1 1013 442 79 36 0 0 -1
976 2 1499 361 50 43 0 0 -1
977 1 1013 437 79 36 0 0 -1
977 2 1499 349 52 41 0 0 -1
978 1 1018 432 79 36 0 0 -1
978 2 1498 338 49 42 0 0 -1
979 1 1018 432 79 36 0 0 -1
979 2 1498 327 52 45 0 0 -1
980 1 1018 427 79 36 0 0 -1
980 2 1499 318 50 46 0 0 -1
981 1 1018 422 79 36 0 0 -1
981 2 1495 310 52 43 0 0 -1
982 1 1018 417 79 36 0 0 -1
982 2 1498 301 47 42 0 0 -1
983 1 1023 412 79 36 0 0 -1
983 2 1498 292 48 46 0 0 -1
984 1 1023 407 79 36 0 0 -1
984 2 1499 284 46 43 0 0 -1
985 1 1028 402 79 36 0 0 -1
985 2 1496 278 50 40 0 0 -1
986 1 1028 402 79 36 0 0 -1
986 2 1496 268 50 45 0 0 -1
987 1 1028 397 79 36 0 0 -1
987 2 1498 263 45 46 0 0 -1
988 1 1028 392 79 36 0 0 -1
988 2 1495 258 48 46 0 0 -1
989 1 1028 387 79 36 0 0 -1
989 2 1495 254 51 42 0 0 -1
990 1 1028 382 79 36 0 0 -1
990 2 1495 245 51 47 0 0 -1
991 1 1028 377 79 36 0 0 -1
991 2 1495 244 52 49 0 0 -1
992 1 1028 377 79 36 0 0 -1
992 2 1496 241 47 51 0 0 -1
993 1 1023 372 79 36 0 0 -1
993 2 1495 240 50 49 0 0 -1
994 1 1023 367 79 36 0 0 -1
994 2 1498 236 48 49 0 0 -1
995 1 1018 357 79 36 0 0 -1
995 2 1496 236 51 49 0 0 -1
996 1 1013 352 79 36 0 0 -1
996 2 1495 237 51 47 0 0 -1
997 1 1008 347 79 36 0 0 -1
997 2 1498 238 49 49 0 0 -1
998 1 1008 347 79 36 0 0 -1
998 2 1499 240 47 47 0 0 -1
999 1 1003 342 79 36 0 0 -1
999 2 1494 241 51 48 0 0 -1
1000 1 998 342 79 36 0 0 -1
1000 2 1496 245 47 46 0 0 -1
1001 1 993 337 79 36 0 0 -1
1001 2 1496 245 53 51 0 0 -1
1002 1 993 332 79 36 0 0 -1
1002 2 1495 249 51 47 0 0 -1
1003 1 988 332 79 36 0 0 -1
1003 2 1493 249 48 49 0 0 -1
1004 1 988 332 79 36 0 0 -1
1004 2 1494 253 51 48 0 0 -1
1005 1 988 327 79 36 0 0 -1
1005 2 1499 257 43 49 0 0 -1
1006 1 983 327 79 36 0 0 -1
1006 2 1494 263 53 47 0 0 -1
1007 1 983 322 79 36 0 0 -1
1007 2 1491 263 55 47 0 0 -1
1008 1 978 322 79 36 0 0 -1
1008 2 1493 270 49 43 0 0 -1
1009 1 978 317 79 36 0 0 -1
1009 2 1490 272 51 46 0 0 -1
1010 1 978 317 79 36 0 0 -1
1010 2 1493 278 50 44 0 0 -1
1011 1 978 317 79 36 0 0 -1
1011 2 1490 284 50 43 0 0 -1
1012 1 978 317 79 36 0 0 -1
1012 2 1487 287 51 42 0 0 -1
1013 1 978 317 79 36 0 0 -1
1013 2 1486 292 47 43 0 0 -1
1014 1 978 317 79 36 0 0 -1
1014 2 1483 297 53 41 0 0 -1
1015 1 978 322 79 36 0 0 -1
1015 2 1486 302 48 40 0 0 -1
1016 1 978 322 79 36 0 0 -1
1016 2 1485 309 49 39 0 0 -1
1017 1 978 332 79 36 0 0 -1
1017 2 1482 313 48 39 0 0 -1
1018 1 978 342 79 36 0 0 -1
1018 2 1479 319 51 38 0 0 -1
1019 1 978 352 79 36 0 0 -1
1019 2 1481 323 48 38 0 0 -1
1020 1 973 362 79 36 0 0 -1
1020 2 1477 326 49 34 0 0 -1
1021 1 973 367 79 36 0 0 -1
1021 2 1476 332 52 36 0 0 -1
1022 1 973 367 79 36 0 0 -1
1022 2 1479 337 42 32 0 0 -1
1023 1 973 367 79 36 0 0 -1
1023 2 1477 342 46 31 0 0 -1
1024 1 973 372 79 36 0 0 -1
1024 2 1481 344 36 26 0 0 -1
1025 1 963 377 79 36 0 0 -1
1025 2 1479 348 40 29 0 0 -1
1026 1 963 387 79 36 0 0 -1
1026 2 1478 349 39 27 0 0 -1
1027 1 963 397 79 36 0 0 -1
1027 2 1476 352 41 29 0 0 -1
1028 1 963 397 79 36 0 0 -1
1028 2 1477 353 39 29 0 0 -1
1029 1 963 412 79 36 0 0 -1
1029 2 1473 360 42 25 0 0 -1
1030 1 953 427 79 36 0 0 -1
1030 2 1469 355 48 35 0 0 -1
1031 1 953 437 79 36 0 0 -1
1031 2 1472 360 43 31 0 0 -1
1032 1 948 442 79 36 0 0 -1
1032 2 1473 356 46 38 0 0 -1
1033 1 943 447 79 36 0 0 -1
1033 2 1469 356 50 41 0 0 -1
1034 1 943 447 79 36 0 0 -1
1034 2 1470 353 47 42 0 0 -1
1035 1 943 447 79 36 0 0 -1
1035 2 1470 363 50 35 0 0 -1
1036 1 943 452 79 36 0 0 -1
1036 2 1474 364 46 38 0 0 -1
1037 1 943 452 79 36 0 0 -1
1037 2 1474 361 46 41 0 0 -1
1038 1 943 457 79 36 0 0 -1
1038 2 1479 365 42 41 0 0 -1
1039 1 943 457 79 36 0 0 -1
1039 2 1482 363 44 44 0 0 -1
1040 1 943 457 79 36 0 0 -1
1040 2 1486 368 42 39 0 0 -1
1041 1 943 457 79 36 0 0 -1
1041 2 1490 366 43 40 0 0 -1
1042 1 943 457 79 36 0 0 -1
1042 2 1494 369 47 41 0 0 -1
1043 1 943 457 79 36 0 0 -1
1043 2 1499 369 46 39 0 0 -1
1044 1 943 462 79 36 0 0 -1
1044 2 1502 372 44 36 0 0 -1
1045 1 943 462 79 36 0 0 -1
1045 2 1509 370 49 40 0 0 -1
1046 1 943 462 79 36 0 0 -1
1046 2 1515 373 45 38 0 0 -1
1047 1 943 462 79 36 0 0 -1
1047 2 1523 377 44 34 0 0 -1
1048 1 948 462 79 36 0 0 -1
1048 2 1529 376 45 32 0 0 -1
1049 1 948 462 79 36 0 0 -1
1049 2 1536 376 40 36 0 0 -1
1050 1 948 467 79 36 0 0 -1
1050 2 1541 372 44 40 0 0 -1
