1 1 1000 118 138 135 0 0 -1
1 2 939 178 66 42 0 0 -1
2 1 978 118 159 150 0 0 -1
2 2 937 174 65 43 0 0 -1
3 1 1006 145 138 123 0 0 -1
3 2 937 174 66 45 0 0 -1
4 1 993 145 154 150 0 0 -1
4 2 937 173 63 42 0 0 -1
5 1 1012 171 132 124 0 0 -1
5 2 937 170 62 46 0 0 -1
6 1 1008 189 132 117 0 0 -1
6 2 937 172 65 40 0 0 -1
7 1 1006 196 129 132 0 0 -1
7 2 936 172 67 40 0 0 -1
8 1 1020 225 118 109 0 0 -1
8 2 939 171 64 41 0 0 -1
9 1 1018 229 123 115 0 0 -1
9 2 937 169 65 42 0 0 -1
10 1 1018 241 123 115 0 0 -1
10 2 939 170 64 37 0 0 -1
11 1 1029 267 111 103 0 0 -1
11 2 940 169 62 39 0 0 -1
12 1 1027 279 111 99 0 0 -1
12 2 937 170 66 34 0 0 -1
13 1 1026 291 103 103 0 0 -1
13 2 939 173 64 30 0 0 -1
14 1 1032 306 99 91 0 0 -1
14 2 939 173 63 29 0 0 -1
15 1 1032 321 99 91 0 0 -1
15 2 940 170 56 30 0 0 -1
16 1 1038 322 99 100 0 0 -1
16 2 937 168 63 31 0 0 -1
17 1 1030 334 99 91 0 0 -1
17 2 940 164 62 35 0 0 -1
18 1 1038 355 94 82 0 0 -1
18 2 939 160 63 35 0 0 -1
19 1 1036 352 84 91 0 0 -1
19 2 939 160 63 29 0 0 -1
20 1 1033 369 87 75 0 0 -1
20 2 937 152 67 33 0 0 -1
21 1 1047 375 78 79 0 0 -1
21 2 939 148 66 34 0 0 -1
22 1 1035 369 94 91 0 0 -1
22 2 940 145 63 34 0 0 -1
23 1 1042 390 81 73 0 0 -1
23 2 944 139 61 34 0 0 -1
24 1 1047 393 76 73 0 0 -1
24 2 943 134 61 34 0 0 -1
25 1 1038 393 81 79 0 0 -1
25 2 943 127 64 35 0 0 -1
26 1 1044 403 72 75 0 0 -1
26 2 943 121 65 36 0 0 -1
27 1 1044 409 76 69 0 0 -1
27 2 943 115 64 38 0 0 -1
28 1 1044 409 76 69 0 0 -1
28 2 943 105 64 40 0 0 -1
29 1 1047 415 75 69 0 0 -1
29 2 943 97 69 39 0 0 -1
30 1 1044 421 73 64 0 0 -1
30 2 941 91 71 43 0 0 -1
31 1 1047 420 66 63 0 0 -1
31 2 941 84 71 46 0 0 -1
32 1 1042 420 70 66 0 0 -1
32 2 947 74 65 47 0 0 -1
33 1 1045 424 70 66 0 0 -1
33 2 944 67 71 48 0 0 -1
34 1 1045 432 70 66 0 0 -1
34 2 944 57 69 51 0 0 -1
35 1 1042 427 70 66 0 0 -1
35 2 944 47 71 54 0 0 -1
36 1 1045 435 66 58 0 0 -1
36 2 947 41 66 56 0 0 -1
37 1 1050 439 61 58 0 0 -1
37 2 947 38 69 53 0 0 -1
38 1 1050 438 60 61 0 0 -1
38 2 945 29 71 58 0 0 -1
39 1 1050 438 60 61 0 0 -1
39 2 947 25 70 55 0 0 -1
40 1 1054 445 55 54 0 0 -1
40 2 947 17 70 56 0 0 -1
41 1 1050 442 60 61 0 0 -1
41 2 947 12 70 60 0 0 -1
42 1 1051 442 60 61 0 0 -1
42 2 948 8 72 59 0 0 -1
43 1 1054 448 55 55 0 0 -1
43 2 947 6 73 54 0 0 -1
44 1 1053 453 55 51 0 0 -1
44 2 947 1 73 56 0 0 -1
45 1 1053 453 55 51 0 0 -1
45 2 950 2 71 53 0 0 -1
46 1 1054 454 54 51 0 0 -1
46 2 948 1 74 48 0 0 -1
47 1 1053 453 55 51 0 0 -1
47 2 951 1 71 49 0 0 -1
48 1 1059 460 51 51 0 0 -1
48 2 951 1 73 48 0 0 -1
49 1 1059 460 51 51 0 0 -1
49 2 949 1 75 45 0 0 -1
50 1 1059 460 51 51 0 0 -1
50 2 949 1 73 42 0 0 -1
51 1 1059 460 51 51 0 0 -1
51 2 951 1 71 42 0 0 -1
52 1 1059 465 49 45 0 0 -1
52 2 949 1 73 41 0 0 -1
53 1 1059 465 49 45 0 0 -1
53 2 952 1 69 41 0 0 -1
54 1 1063 465 42 49 0 0 -1
54 2 951 1 70 44 0 0 -1
55 1 1063 465 42 49 0 0 -1
55 2 949 1 73 42 0 0 -1
56 1 1063 468 42 46 0 0 -1
56 2 952 1 69 48 0 0 -1
57 1 1063 469 42 45 0 0 -1
57 2 952 1 68 46 0 0 -1
58 1 1065 472 46 45 0 0 -1
58 2 949 1 71 48 0 0 -1
59 1 1065 472 46 45 0 0 -1
59 2 949 1 67 49 0 0 -1
60 1 1065 472 46 45 0 0 -1
60 2 949 1 67 54 0 0 -1
61 1 1065 472 46 45 0 0 -1
61 2 949 1 67 56 0 0 -1
62 1 1068 472 43 45 0 0 -1
62 2 949 7 67 51 0 0 -1
63 1 1068 472 43 45 0 0 -1
63 2 949 8 64 55 0 0 -1
64 1 1068 472 43 45 0 0 -1
64 2 947 12 69 55 0 0 -1
65 1 1068 472 43 45 0 0 -1
65 2 947 13 68 59 0 0 -1
66 1 1074 474 43 45 0 0 -1
66 2 947 19 66 56 0 0 -1
67 1 1074 474 43 45 0 0 -1
67 2 945 24 67 56 0 0 -1
68 1 1074 474 43 45 0 0 -1
68 2 945 30 66 54 0 0 -1
69 1 1075 477 42 39 0 0 -1
69 2 945 34 64 55 0 0 -1
70 1 1075 477 42 39 0 0 -1
70 2 944 40 67 54 0 0 -1
71 1 1075 477 42 39 0 0 -1
71 2 943 46 65 54 0 0 -1
72 1 1075 477 42 39 0 0 -1
72 2 941 51 67 54 0 0 -1
73 1 1077 477 40 39 0 0 -1
73 2 941 57 63 52 0 0 -1
74 1 1077 477 40 39 0 0 -1
74 2 941 63 64 51 0 0 -1
75 1 1077 477 40 39 0 0 -1
75 2 940 68 64 53 0 0 -1
76 1 1081 474 37 36 0 0 -1
76 2 937 75 67 51 0 0 -1
77 1 1081 474 37 36 0 0 -1
77 2 939 81 63 50 0 0 -1
78 1 1081 474 37 36 0 0 -1
78 2 937 87 65 51 0 0 -1
79 1 1081 474 37 36 0 0 -1
79 2 935 93 64 49 0 0 -1
80 1 1081 474 37 33 0 0 -1
80 2 935 100 65 48 0 0 -1
81 1 1081 474 37 33 0 0 -1
81 2 936 105 60 50 0 0 -1
82 1 1081 474 37 33 0 0 -1
82 2 935 111 60 50 0 0 -1
83 1 1081 474 37 33 0 0 -1
83 2 932 118 63 48 0 0 -1
84 1 1081 474 37 33 0 0 -1
84 2 932 123 62 50 0 0 -1
85 1 1081 474 37 33 0 0 -1
85 2 932 130 59 48 0 0 -1
86 1 1081 474 37 33 0 0 -1
86 2 931 136 60 50 0 0 -1
87 1 1077 474 37 33 0 0 -1
87 2 931 142 60 49 0 0 -1
88 1 1077 474 37 33 0 0 -1
88 2 930 149 60 45 0 0 -1
89 1 1077 474 37 33 0 0 -1
89 2 928 156 60 46 0 0 -1
90 1 1077 474 37 33 0 0 -1
90 2 928 164 60 46 0 0 -1
91 1 1074 474 37 33 0 0 -1
91 2 927 170 60 46 0 0 -1
92 1 1074 474 37 33 0 0 -1
92 2 925 178 61 41 0 0 -1
93 1 1074 474 37 33 0 0 -1
93 2 924 183 61 42 0 0 -1
94 1 1069 477 37 33 0 0 -1
94 2 926 189 57 43 0 0 -1
95 1 1069 477 37 33 0 0 -1
95 2 924 195 58 42 0 0 -1
96 1 1069 477 37 33 0 0 -1
96 2 923 200 56 45 0 0 -1
97 1 1066 480 37 33 0 0 -1
97 2 923 207 56 46 0 0 -1
98 1 1066 480 37 33 0 0 -1
98 2 922 213 57 44 0 0 -1
99 1 1066 480 37 33 0 0 -1
99 2 920 220 57 43 0 0 -1
100 1 1062 483 37 33 0 0 -1
100 2 919 227 58 41 0 0 -1
