1 1 1000 118 138 135 0 0 -1
1 2 1425 348 47 39 0 0 -1
2 1 978 118 159 150 0 0 -1
2 2 1423 353 49 36 0 0 -1
3 1 1006 145 138 123 0 0 -1
3 2 1423 353 50 37 0 0 -1
4 1 993 145 154 150 0 0 -1
4 2 1425 353 51 37 0 0 -1
5 1 1012 171 132 124 0 0 -1
5 2 1428 353 49 38 0 0 -1
6 1 1008 189 132 117 0 0 -1
6 2 1426 356 50 35 0 0 -1
7 1 1006 196 129 132 0 0 -1
7 2 1428 348 49 43 0 0 -1
8 1 1020 225 118 109 0 0 -1
8 2 1431 351 48 39 0 0 -1
9 1 1018 229 123 115 0 0 -1
9 2 1432 347 46 44 0 0 -1
10 1 1018 241 123 115 0 0 -1
10 2 1436 347 45 47 0 0 -1
11 1 1029 267 111 103 0 0 -1
11 2 1438 347 47 44 0 0 -1
12 1 1027 279 111 99 0 0 -1
12 2 1442 346 47 45 0 0 -1
13 1 1026 291 103 103 0 0 -1
13 2 1445 344 48 47 0 0 -1
14 1 1032 306 99 91 0 0 -1
14 2 1449 344 47 45 0 0 -1
15 1 1032 321 99 91 0 0 -1
15 2 1456 343 46 46 0 0 -1
16 1 1038 322 99 100 0 0 -1
16 2 1461 343 48 47 0 0 -1
17 1 1030 334 99 91 0 0 -1
17 2 1468 342 49 48 0 0 -1
18 1 1038 355 94 82 0 0 -1
18 2 1473 340 51 43 0 0 -1
19 1 1036 352 84 91 0 0 -1
19 2 1482 340 51 45 0 0 -1
20 1 1033 369 87 75 0 0 -1
20 2 1489 343 51 39 0 0 -1
21 1 1047 375 78 79 0 0 -1
21 2 1499 343 48 38 0 0 -1
22 1 1035 369 94 91 0 0 -1
22 2 1508 340 45 41 0 0 -1
23 1 1042 390 81 73 0 0 -1
23 2 1513 331 50 49 0 0 -1
24 1 1047 393 76 73 0 0 -1
24 2 1524 331 48 46 0 0 -1
25 1 1038 393 81 79 0 0 -1
25 2 1533 329 46 47 0 0 -1
26 1 1044 403 72 75 0 0 -1
26 2 1538 329 49 45 0 0 -1
27 1 1044 409 76 69 0 0 -1
27 2 1546 323 50 50 0 0 -1
28 1 1044 409 76 69 0 0 -1
28 2 1554 326 46 47 0 0 -1
29 1 1047 415 75 69 0 0 -1
29 2 1558 323 48 50 0 0 -1
30 1 1044 421 73 64 0 0 -1
30 2 1563 323 46 47 0 0 -1
31 1 1047 420 66 63 0 0 -1
31 2 1570 319 47 51 0 0 -1
32 1 1042 420 70 66 0 0 -1
32 2 1574 318 45 52 0 0 -1
33 1 1045 424 70 66 0 0 -1
33 2 1575 318 51 46 0 0 -1
34 1 1045 432 70 66 0 0 -1
34 2 1580 317 46 46 0 0 -1
35 1 1042 427 70 66 0 0 -1
35 2 1580 313 51 47 0 0 -1
36 1 1045 435 66 58 0 0 -1
36 2 1583 306 49 50 0 0 -1
37 1 1050 439 61 58 0 0 -1
37 2 1588 308 47 44 0 0 -1
38 1 1050 438 60 61 0 0 -1
38 2 1587 306 49 45 0 0 -1
39 1 1050 438 60 61 0 0 -1
39 2 1589 302 47 44 0 0 -1
40 1 1054 445 55 54 0 0 -1
40 2 1591 298 45 41 0 0 -1
41 1 1050 442 60 61 0 0 -1
41 2 1591 295 47 41 0 0 -1
42 1 1051 442 60 61 0 0 -1
42 2 1589 289 49 45 0 0 -1
43 1 1054 448 55 55 0 0 -1
43 2 1592 284 50 43 0 0 -1
44 1 1053 453 55 51 0 0 -1
44 2 1592 283 48 43 0 0 -1
45 1 1053 453 55 51 0 0 -1
45 2 1597 280 45 42 0 0 -1
46 1 1054 454 54 51 0 0 -1
46 2 1596 278 46 41 0 0 -1
47 1 1053 453 55 51 0 0 -1
47 2 1593 274 51 43 0 0 -1
48 1 1059 460 51 51 0 0 -1
48 2 1597 274 50 39 0 0 -1
49 1 1059 460 51 51 0 0 -1
49 2 1596 270 48 42 0 0 -1
50 1 1059 460 51 51 0 0 -1
50 2 1600 268 45 45 0 0 -1
51 1 1059 460 51 51 0 0 -1
51 2 1598 263 49 49 0 0 -1
52 1 1059 465 49 45 0 0 -1
52 2 1598 264 46 51 0 0 -1
53 1 1059 465 49 45 0 0 -1
53 2 1598 264 47 48 0 0 -1
54 1 1063 465 42 49 0 0 -1
54 2 1602 263 42 49 0 0 -1
55 1 1063 465 42 49 0 0 -1
55 2 1598 266 44 46 0 0 -1
56 1 1063 468 42 46 0 0 -1
56 2 1600 266 42 47 0 0 -1
57 1 1063 469 42 45 0 0 -1
57 2 1601 268 41 46 0 0 -1
58 1 1065 472 46 45 0 0 -1
58 2 1600 267 44 48 0 0 -1
59 1 1065 472 46 45 0 0 -1
59 2 1600 271 39 50 0 0 -1
60 1 1065 472 46 45 0 0 -1
60 2 1600 272 43 46 0 0 -1
61 1 1065 472 46 45 0 0 -1
61 2 1592 279 47 44 0 0 -1
62 1 1068 472 43 45 0 0 -1
62 2 1591 279 47 44 0 0 -1
63 1 1068 472 43 45 0 0 -1
63 2 1589 281 53 44 0 0 -1
64 1 1068 472 43 45 0 0 -1
64 2 1591 285 47 45 0 0 -1
65 1 1068 472 43 45 0 0 -1
65 2 1589 289 47 43 0 0 -1
66 1 1074 474 43 45 0 0 -1
66 2 1587 291 45 43 0 0 -1
67 1 1074 474 43 45 0 0 -1
67 2 1583 296 48 42 0 0 -1
68 1 1074 474 43 45 0 0 -1
68 2 1581 300 51 42 0 0 -1
69 1 1075 477 42 39 0 0 -1
69 2 1581 302 49 46 0 0 -1
70 1 1075 477 42 39 0 0 -1
70 2 1579 308 47 40 0 0 -1
71 1 1075 477 42 39 0 0 -1
71 2 1577 310 46 42 0 0 -1
72 1 1075 477 42 39 0 0 -1
72 2 1577 313 48 44 0 0 -1
73 1 1077 477 40 39 0 0 -1
73 2 1572 317 47 40 0 0 -1
74 1 1077 477 40 39 0 0 -1
74 2 1571 322 46 42 0 0 -1
75 1 1077 477 40 39 0 0 -1
75 2 1570 326 44 44 0 0 -1
76 1 1081 474 37 36 0 0 -1
76 2 1567 332 46 40 0 0 -1
77 1 1081 474 37 36 0 0 -1
77 2 1564 339 44 35 0 0 -1
78 1 1081 474 37 36 0 0 -1
78 2 1562 344 46 36 0 0 -1
79 1 1081 474 37 36 0 0 -1
79 2 1559 348 43 33 0 0 -1
80 1 1081 474 37 33 0 0 -1
80 2 1555 353 45 36 0 0 -1
81 1 1081 474 37 33 0 0 -1
81 2 1557 356 40 37 0 0 -1
82 1 1081 474 37 33 0 0 -1
82 2 1554 361 42 37 0 0 -1
83 1 1081 474 37 33 0 0 -1
83 2 1550 363 42 35 0 0 -1
84 1 1081 474 37 33 0 0 -1
84 2 1550 365 42 39 0 0 -1
85 1 1081 474 37 33 0 0 -1
85 2 1546 365 43 41 0 0 -1
86 1 1081 474 37 33 0 0 -1
86 2 1541 365 44 43 0 0 -1
87 1 1077 474 37 33 0 0 -1
87 2 1541 370 42 44 0 0 -1
88 1 1077 474 37 33 0 0 -1
88 2 1536 373 41 42 0 0 -1
89 1 1077 474 37 33 0 0 -1
89 2 1532 377 43 44 0 0 -1
90 1 1077 474 37 33 0 0 -1
90 2 1526 381 45 44 0 0 -1
91 1 1074 474 37 33 0 0 -1
91 2 1524 383 42 40 0 0 -1
92 1 1074 474 37 33 0 0 -1
92 2 1519 385 41 44 0 0 -1
93 1 1074 474 37 33 0 0 -1
93 2 1515 389 38 40 0 0 -1
94 1 1069 477 37 33 0 0 -1
94 2 1508 395 39 39 0 0 -1
95 1 1069 477 37 33 0 0 -1
95 2 1507 395 38 45 0 0 -1
96 1 1069 477 37 33 0 0 -1
96 2 1499 399 38 39 0 0 -1
97 1 1066 480 37 33 0 0 -1
97 2 1491 404 41 40 0 0 -1
98 1 1066 480 37 33 0 0 -1
98 2 1487 408 34 34 0 0 -1
99 1 1066 480 37 33 0 0 -1
99 2 1479 410 37 34 0 0 -1
100 1 1062 483 37 33 0 0 -1
100 2 1470 412 41 34 0 0 -1
