1 1 1000 118 138 135 0 0 -1
1 2 947 380 58 34 0 0 -1
2 1 978 118 159 150 0 0 -1
2 2 945 380 60 27 0 0 -1
3 1 1006 145 138 123 0 0 -1
3 2 947 377 58 31 0 0 -1
4 1 993 145 154 150 0 0 -1
4 2 947 374 62 30 0 0 -1
5 1 1012 171 132 124 0 0 -1
5 2 948 372 63 32 0 0 -1
6 1 1008 189 132 117 0 0 -1
6 2 947 368 62 36 0 0 -1
7 1 1006 196 129 132 0 0 -1
7 2 949 369 59 30 0 0 -1
8 1 1020 225 118 109 0 0 -1
8 2 948 366 60 31 0 0 -1
9 1 1018 229 123 115 0 0 -1
9 2 953 366 55 33 0 0 -1
10 1 1018 241 123 115 0 0 -1
10 2 949 365 56 33 0 0 -1
11 1 1029 267 111 103 0 0 -1
11 2 953 364 59 35 0 0 -1
12 1 1027 279 111 99 0 0 -1
12 2 952 368 60 30 0 0 -1
13 1 1026 291 103 103 0 0 -1
13 2 953 366 62 32 0 0 -1
14 1 1032 306 99 91 0 0 -1
14 2 952 365 63 32 0 0 -1
15 1 1032 321 99 91 0 0 -1
15 2 951 365 68 30 0 0 -1
16 1 1038 322 99 100 0 0 -1
16 2 957 364 60 34 0 0 -1
17 1 1030 334 99 91 0 0 -1
17 2 957 368 56 29 0 0 -1
18 1 1038 355 94 82 0 0 -1
18 2 956 365 61 30 0 0 -1
19 1 1036 352 84 91 0 0 -1
19 2 956 369 61 26 0 0 -1
20 1 1033 369 87 75 0 0 -1
20 2 954 364 63 31 0 0 -1
21 1 1047 375 78 79 0 0 -1
21 2 958 363 61 32 0 0 -1
22 1 1035 369 94 91 0 0 -1
22 2 958 365 58 33 0 0 -1
23 1 1042 390 81 73 0 0 -1
23 2 957 365 62 30 0 0 -1
24 1 1047 393 76 73 0 0 -1
24 2 957 366 63 31 0 0 -1
25 1 1038 393 81 79 0 0 -1
25 2 960 366 60 31 0 0 -1
26 1 1044 403 72 75 0 0 -1
26 2 961 365 55 32 0 0 -1
27 1 1044 409 76 69 0 0 -1
27 2 958 363 61 32 0 0 -1
28 1 1044 409 76 69 0 0 -1
28 2 958 365 57 32 0 0 -1
29 1 1047 415 75 69 0 0 -1
29 2 960 364 53 30 0 0 -1
30 1 1044 421 73 64 0 0 -1
30 2 964 363 53 32 0 0 -1
31 1 1047 420 66 63 0 0 -1
31 2 958 360 58 34 0 0 -1
32 1 1042 420 70 66 0 0 -1
32 2 958 361 55 33 0 0 -1
33 1 1045 424 70 66 0 0 -1
33 2 956 363 57 28 0 0 -1
34 1 1045 432 70 66 0 0 -1
34 2 957 361 51 32 0 0 -1
35 1 1042 427 70 66 0 0 -1
35 2 954 357 57 34 0 0 -1
36 1 1045 435 66 58 0 0 -1
36 2 954 359 57 31 0 0 -1
37 1 1050 439 61 58 0 0 -1
37 2 956 359 49 31 0 0 -1
38 1 1050 438 60 61 0 0 -1
38 2 954 361 50 28 0 0 -1
39 1 1050 438 60 61 0 0 -1
39 2 948 357 61 33 0 0 -1
40 1 1054 445 55 54 0 0 -1
40 2 953 355 55 31 0 0 -1
41 1 1050 442 60 61 0 0 -1
41 2 951 356 53 29 0 0 -1
42 1 1051 442 60 61 0 0 -1
42 2 949 356 56 29 0 0 -1
43 1 1054 448 55 55 0 0 -1
43 2 948 355 56 28 0 0 -1
44 1 1053 453 55 51 0 0 -1
44 2 945 352 57 29 0 0 -1
45 1 1053 453 55 51 0 0 -1
45 2 943 351 59 32 0 0 -1
46 1 1054 454 54 51 0 0 -1
46 2 943 353 53 28 0 0 -1
47 1 1053 453 55 51 0 0 -1
47 2 941 352 54 26 0 0 -1
48 1 1059 460 51 51 0 0 -1
48 2 940 352 56 28 0 0 -1
49 1 1059 460 51 51 0 0 -1
49 2 936 349 62 28 0 0 -1
50 1 1059 460 51 51 0 0 -1
50 2 937 348 58 29 0 0 -1
51 1 1059 460 51 51 0 0 -1
51 2 939 344 57 33 0 0 -1
52 1 1059 465 49 45 0 0 -1
52 2 939 344 55 29 0 0 -1
53 1 1059 465 49 45 0 0 -1
53 2 937 344 53 26 0 0 -1
54 1 1063 465 42 49 0 0 -1
54 2 935 343 55 29 0 0 -1
55 1 1063 465 42 49 0 0 -1
55 2 934 342 54 31 0 0 -1
56 1 1063 468 42 46 0 0 -1
56 2 934 343 52 26 0 0 -1
57 1 1063 469 42 45 0 0 -1
57 2 930 339 57 29 0 0 -1
58 1 1065 472 46 45 0 0 -1
58 2 930 340 58 28 0 0 -1
59 1 1065 472 46 45 0 0 -1
59 2 928 340 55 28 0 0 -1
60 1 1065 472 46 45 0 0 -1
60 2 928 336 59 32 0 0 -1
61 1 1065 472 46 45 0 0 -1
61 2 923 334 67 35 0 0 -1
62 1 1068 472 43 45 0 0 -1
62 2 926 333 60 35 0 0 -1
63 1 1068 472 43 45 0 0 -1
63 2 924 332 62 36 0 0 -1
64 1 1068 472 43 45 0 0 -1
64 2 922 331 59 32 0 0 -1
65 1 1068 472 43 45 0 0 -1
65 2 923 330 59 30 0 0 -1
66 1 1074 474 43 45 0 0 -1
66 2 922 330 59 31 0 0 -1
67 1 1074 474 43 45 0 0 -1
67 2 920 330 59 30 0 0 -1
68 1 1074 474 43 45 0 0 -1
68 2 920 329 61 30 0 0 -1
69 1 1075 477 42 39 0 0 -1
69 2 919 329 55 28 0 0 -1
70 1 1075 477 42 39 0 0 -1
70 2 920 326 55 30 0 0 -1
71 1 1075 477 42 39 0 0 -1
71 2 923 325 50 31 0 0 -1
72 1 1075 477 42 39 0 0 -1
72 2 919 326 54 27 0 0 -1
73 1 1077 477 40 39 0 0 -1
73 2 922 325 55 30 0 0 -1
74 1 1077 477 40 39 0 0 -1
74 2 922 327 53 29 0 0 -1
75 1 1077 477 40 39 0 0 -1
75 2 915 322 58 30 0 0 -1
76 1 1081 474 37 36 0 0 -1
76 2 914 322 61 30 0 0 -1
77 1 1081 474 37 36 0 0 -1
77 2 917 321 60 34 0 0 -1
78 1 1081 474 37 36 0 0 -1
78 2 920 321 50 31 0 0 -1
79 1 1081 474 37 36 0 0 -1
79 2 918 323 60 29 0 0 -1
80 1 1081 474 37 33 0 0 -1
80 2 914 322 61 30 0 0 -1
81 1 1081 474 37 33 0 0 -1
81 2 922 322 51 30 0 0 -1
82 1 1081 474 37 33 0 0 -1
82 2 918 318 52 34 0 0 -1
83 1 1081 474 37 33 0 0 -1
83 2 918 319 55 32 0 0 -1
84 1 1081 474 37 33 0 0 -1
84 2 920 321 58 31 0 0 -1
85 1 1081 474 37 33 0 0 -1
85 2 919 318 59 31 0 0 -1
86 1 1081 474 37 33 0 0 -1
86 2 918 321 57 26 0 0 -1
87 1 1077 474 37 33 0 0 -1
87 2 922 320 55 26 0 0 -1
88 1 1077 474 37 33 0 0 -1
88 2 920 321 57 28 0 0 -1
89 1 1077 474 37 33 0 0 -1
89 2 920 318 53 31 0 0 -1
90 1 1077 474 37 33 0 0 -1
90 2 919 319 62 29 0 0 -1
91 1 1074 474 37 33 0 0 -1
91 2 920 318 61 31 0 0 -1
92 1 1074 474 37 33 0 0 -1
92 2 923 319 62 30 0 0 -1
93 1 1074 474 37 33 0 0 -1
93 2 928 319 49 29 0 0 -1
94 1 1069 477 37 33 0 0 -1
94 2 924 318 59 31 0 0 -1
95 1 1069 477 37 33 0 0 -1
95 2 923 319 60 30 0 0 -1
96 1 1069 477 37 33 0 0 -1
96 2 927 317 54 31 0 0 -1
97 1 1066 480 37 33 0 0 -1
97 2 924 319 63 30 0 0 -1
98 1 1066 480 37 33 0 0 -1
98 2 926 321 55 30 0 0 -1
99 1 1066 480 37 33 0 0 -1
99 2 926 318 60 33 0 0 -1
100 1 1062 483 37 33 0 0 -1
100 2 931 318 56 30 0 0 -1
