1 1 1000 118 138 135 0 0 -1
1 2 1190 832 65 35 0 0 -1
2 1 978 118 159 150 0 0 -1
2 2 1187 832 69 37 0 0 -1
3 1 1006 145 138 123 0 0 -1
3 2 1187 833 66 34 0 0 -1
4 1 993 145 154 150 0 0 -1
4 2 1188 832 63 38 0 0 -1
5 1 1012 171 132 124 0 0 -1
5 2 1183 835 68 36 0 0 -1
6 1 1008 189 132 117 0 0 -1
6 2 1180 833 71 38 0 0 -1
7 1 1006 196 129 132 0 0 -1
7 2 1179 833 70 39 0 0 -1
8 1 1020 225 118 109 0 0 -1
8 2 1177 838 71 37 0 0 -1
9 1 1018 229 123 115 0 0 -1
9 2 1176 837 73 42 0 0 -1
10 1 1018 241 123 115 0 0 -1
10 2 1175 840 72 38 0 0 -1
11 1 1029 267 111 103 0 0 -1
11 2 1176 837 72 35 0 0 -1
12 1 1027 279 111 99 0 0 -1
12 2 1176 837 72 39 0 0 -1
13 1 1026 291 103 103 0 0 -1
13 2 1167 837 78 42 0 0 -1
14 1 1032 306 99 91 0 0 -1
14 2 1171 838 73 40 0 0 -1
15 1 1032 321 99 91 0 0 -1
15 2 1170 842 69 37 0 0 -1
16 1 1038 322 99 100 0 0 -1
16 2 1170 838 71 40 0 0 -1
17 1 1030 334 99 91 0 0 -1
17 2 1168 841 72 39 0 0 -1
18 1 1038 355 94 82 0 0 -1
18 2 1169 842 67 41 0 0 -1
19 1 1036 352 84 91 0 0 -1
19 2 1163 842 73 42 0 0 -1
20 1 1033 369 87 75 0 0 -1
20 2 1164 844 71 36 0 0 -1
21 1 1047 375 78 79 0 0 -1
21 2 1162 846 70 38 0 0 -1
22 1 1035 369 94 91 0 0 -1
22 2 1153 845 75 38 0 0 -1
23 1 1042 390 81 73 0 0 -1
23 2 1153 842 73 42 0 0 -1
24 1 1047 393 76 73 0 0 -1
24 2 1149 844 78 42 0 0 -1
25 1 1038 393 81 79 0 0 -1
25 2 1141 846 82 41 0 0 -1
26 1 1044 403 72 75 0 0 -1
26 2 1138 846 80 42 0 0 -1
27 1 1044 409 76 69 0 0 -1
27 2 1137 849 78 42 0 0 -1
28 1 1044 409 76 69 0 0 -1
28 2 1141 846 70 43 0 0 -1
29 1 1047 415 75 69 0 0 -1
29 2 1133 849 74 39 0 0 -1
30 1 1044 421 73 64 0 0 -1
30 2 1139 849 63 40 0 0 -1
31 1 1047 420 66 63 0 0 -1
31 2 1132 848 70 47 0 0 -1
32 1 1042 420 70 66 0 0 -1
32 2 1126 849 74 43 0 0 -1
33 1 1045 424 70 66 0 0 -1
33 2 1121 845 80 51 0 0 -1
34 1 1045 432 70 66 0 0 -1
34 2 1115 845 86 48 0 0 -1
35 1 1042 427 70 66 0 0 -1
35 2 1113 845 83 52 0 0 -1
36 1 1045 435 66 58 0 0 -1
36 2 1111 845 87 54 0 0 -1
37 1 1050 439 61 58 0 0 -1
37 2 1105 848 84 51 0 0 -1
38 1 1050 438 60 61 0 0 -1
38 2 1096 848 96 55 0 0 -1
39 1 1050 438 60 61 0 0 -1
39 2 1096 849 97 55 0 0 -1
40 1 1054 445 55 54 0 0 -1
40 2 1094 853 86 53 0 0 -1
41 1 1050 442 60 61 0 0 -1
41 2 1091 856 85 45 0 0 -1
42 1 1051 442 60 61 0 0 -1
42 2 1085 855 90 44 0 0 -1
43 1 1054 448 55 55 0 0 -1
43 2 1078 857 95 44 0 0 -1
44 1 1053 453 55 51 0 0 -1
44 2 1079 861 88 43 0 0 -1
45 1 1053 453 55 51 0 0 -1
45 2 1074 861 94 45 0 0 -1
46 1 1054 454 54 51 0 0 -1
46 2 1071 857 92 47 0 0 -1
47 1 1053 453 55 51 0 0 -1
47 2 1066 858 94 45 0 0 -1
48 1 1059 460 51 51 0 0 -1
48 2 1064 857 94 47 0 0 -1
49 1 1059 460 51 51 0 0 -1
49 2 1058 858 92 46 0 0 -1
50 1 1059 460 51 51 0 0 -1
50 2 1054 858 95 51 0 0 -1
51 1 1059 460 51 51 0 0 -1
51 2 1056 860 87 49 0 0 -1
52 1 1059 465 49 45 0 0 -1
52 2 1053 861 88 46 0 0 -1
53 1 1059 465 49 45 0 0 -1
53 2 1046 856 93 53 0 0 -1
54 1 1063 465 42 49 0 0 -1
54 2 1041 855 97 55 0 0 -1
55 1 1063 465 42 49 0 0 -1
55 2 1033 856 103 49 0 0 -1
56 1 1063 468 42 46 0 0 -1
56 2 1029 856 102 51 0 0 -1
57 1 1063 469 42 45 0 0 -1
57 2 1029 851 97 59 0 0 -1
58 1 1065 472 46 45 0 0 -1
58 2 1023 856 98 51 0 0 -1
59 1 1065 472 46 45 0 0 -1
59 2 1021 853 96 54 0 0 -1
60 1 1065 472 46 45 0 0 -1
60 2 1018 855 93 45 0 0 -1
61 1 1065 472 46 45 0 0 -1
61 2 1013 851 98 51 0 0 -1
62 1 1068 472 43 45 0 0 -1
62 2 1006 843 96 55 0 0 -1
63 1 1068 472 43 45 0 0 -1
63 2 999 843 107 54 0 0 -1
64 1 1068 472 43 45 0 0 -1
64 2 997 839 105 54 0 0 -1
65 1 1068 472 43 45 0 0 -1
65 2 996 838 94 50 0 0 -1
66 1 1074 474 43 45 0 0 -1
66 2 992 833 102 50 0 0 -1
67 1 1074 474 43 45 0 0 -1
67 2 984 826 97 49 0 0 -1
68 1 1074 474 43 45 0 0 -1
68 2 994 826 88 45 0 0 -1
69 1 1075 477 42 39 0 0 -1
69 2 993 819 82 52 0 0 -1
70 1 1075 477 42 39 0 0 -1
70 2 987 816 80 44 0 0 -1
71 1 1075 477 42 39 0 0 -1
71 2 974 806 88 47 0 0 -1
72 1 1075 477 42 39 0 0 -1
72 2 964 794 94 52 0 0 -1
73 1 1077 477 40 39 0 0 -1
73 2 970 792 85 47 0 0 -1
74 1 1077 477 40 39 0 0 -1
74 2 967 787 89 47 0 0 -1
75 1 1077 477 40 39 0 0 -1
75 2 952 777 97 54 0 0 -1
76 1 1081 474 37 36 0 0 -1
76 2 943 775 102 46 0 0 -1
77 1 1081 474 37 36 0 0 -1
77 2 940 773 106 53 0 0 -1
78 1 1081 474 37 36 0 0 -1
78 2 936 760 110 47 0 0 -1
79 1 1081 474 37 36 0 0 -1
79 2 933 762 108 50 0 0 -1
80 1 1081 474 37 33 0 0 -1
80 2 928 758 106 48 0 0 -1
81 1 1081 474 37 33 0 0 -1
81 2 923 750 112 49 0 0 -1
82 1 1081 474 37 33 0 0 -1
82 2 925 745 108 54 0 0 -1
83 1 1081 474 37 33 0 0 -1
83 2 925 743 101 51 0 0 -1
84 1 1081 474 37 33 0 0 -1
84 2 918 738 94 59 0 0 -1
85 1 1081 474 37 33 0 0 -1
85 2 916 743 95 47 0 0 -1
86 1 1081 474 37 33 0 0 -1
86 2 913 741 96 48 0 0 -1
87 1 1077 474 37 33 0 0 -1
87 2 911 743 96 44 0 0 -1
88 1 1077 474 37 33 0 0 -1
88 2 909 738 97 47 0 0 -1
89 1 1077 474 37 33 0 0 -1
89 2 901 740 96 44 0 0 -1
90 1 1077 474 37 33 0 0 -1
90 2 904 738 92 42 0 0 -1
91 1 1074 474 37 33 0 0 -1
91 2 894 739 95 45 0 0 -1
92 1 1074 474 37 33 0 0 -1
92 2 898 733 84 49 0 0 -1
93 1 1074 474 37 33 0 0 -1
93 2 886 729 94 53 0 0 -1
94 1 1069 477 37 33 0 0 -1
94 2 884 728 83 56 0 0 -1
95 1 1069 477 37 33 0 0 -1
95 2 877 728 92 54 0 0 -1
96 1 1069 477 37 33 0 0 -1
96 2 876 729 84 49 0 0 -1
97 1 1066 480 37 33 0 0 -1
97 2 867 728 90 52 0 0 -1
98 1 1066 480 37 33 0 0 -1
98 2 871 728 79 52 0 0 -1
99 1 1066 480 37 33 0 0 -1
99 2 860 728 93 52 0 0 -1
100 1 1062 483 37 33 0 0 -1
100 2 860 726 87 56 0 0 -1
