1 1 1000 118 138 135 0 0 -1
1 2 402 193 58 40 0 0 -1
2 1 978 118 159 150 0 0 -1
2 2 388 190 60 40 0 0 -1
3 1 1006 145 138 123 0 0 -1
3 2 375 189 61 39 0 0 -1
4 1 993 145 154 150 0 0 -1
4 2 368 186 58 38 0 0 -1
5 1 1012 171 132 124 0 0 -1
5 2 352 183 63 37 0 0 -1
6 1 1008 189 132 117 0 0 -1
6 2 338 176 65 37 0 0 -1
7 1 1006 196 129 132 0 0 -1
7 2 329 168 60 44 0 0 -1
8 1 1020 225 118 109 0 0 -1
8 2 318 160 63 46 0 0 -1
9 1 1018 229 123 115 0 0 -1
9 2 308 153 65 50 0 0 -1
10 1 1018 241 123 115 0 0 -1
10 2 296 148 67 47 0 0 -1
11 1 1029 267 111 103 0 0 -1
11 2 287 143 67 50 0 0 -1
12 1 1027 279 111 99 0 0 -1
12 2 278 136 67 51 0 0 -1
13 1 1026 291 103 103 0 0 -1
13 2 266 132 71 47 0 0 -1
14 1 1032 306 99 91 0 0 -1
14 2 258 130 72 48 0 0 -1
15 1 1032 321 99 91 0 0 -1
15 2 252 126 65 47 0 0 -1
16 1 1038 322 99 100 0 0 -1
16 2 244 123 68 49 0 0 -1
17 1 1030 334 99 91 0 0 -1
17 2 234 122 71 44 0 0 -1
18 1 1038 355 94 82 0 0 -1
18 2 228 123 67 45 0 0 -1
19 1 1036 352 84 91 0 0 -1
19 2 219 115 71 53 0 0 -1
20 1 1033 369 87 75 0 0 -1
20 2 214 118 69 47 0 0 -1
21 1 1047 375 78 79 0 0 -1
21 2 207 115 68 49 0 0 -1
22 1 1035 369 94 91 0 0 -1
22 2 201 114 68 48 0 0 -1
23 1 1042 390 81 73 0 0 -1
23 2 198 114 65 48 0 0 -1
24 1 1047 393 76 73 0 0 -1
24 2 191 116 67 48 0 0 -1
25 1 1038 393 81 79 0 0 -1
25 2 185 117 68 48 0 0 -1
26 1 1044 403 72 75 0 0 -1
26 2 180 114 65 51 0 0 -1
27 1 1044 409 76 69 0 0 -1
27 2 175 119 68 47 0 0 -1
28 1 1044 409 76 69 0 0 -1
28 2 172 119 68 51 0 0 -1
29 1 1047 415 75 69 0 0 -1
29 2 168 122 65 46 0 0 -1
30 1 1044 421 73 64 0 0 -1
30 2 165 121 68 52 0 0 -1
31 1 1047 420 66 63 0 0 -1
31 2 163 125 65 52 0 0 -1
32 1 1042 420 70 66 0 0 -1
32 2 160 126 69 50 0 0 -1
33 1 1045 424 70 66 0 0 -1
33 2 160 128 66 49 0 0 -1
34 1 1045 432 70 66 0 0 -1
34 2 159 131 65 48 0 0 -1
35 1 1042 427 70 66 0 0 -1
35 2 158 135 64 43 0 0 -1
36 1 1045 435 66 58 0 0 -1
36 2 156 139 67 47 0 0 -1
37 1 1050 439 61 58 0 0 -1
37 2 156 141 66 47 0 0 -1
38 1 1050 438 60 61 0 0 -1
38 2 156 144 64 46 0 0 -1
39 1 1050 438 60 61 0 0 -1
39 2 156 147 64 47 0 0 -1
40 1 1054 445 55 54 0 0 -1
40 2 158 151 65 45 0 0 -1
41 1 1050 442 60 61 0 0 -1
41 2 158 153 66 42 0 0 -1
42 1 1051 442 60 61 0 0 -1
42 2 159 156 65 46 0 0 -1
43 1 1054 448 55 55 0 0 -1
43 2 163 160 61 43 0 0 -1
44 1 1053 453 55 51 0 0 -1
44 2 163 163 65 44 0 0 -1
45 1 1053 453 55 51 0 0 -1
45 2 167 164 62 44 0 0 -1
46 1 1054 454 54 51 0 0 -1
46 2 172 166 61 42 0 0 -1
47 1 1053 453 55 51 0 0 -1
47 2 176 169 60 40 0 0 -1
48 1 1059 460 51 51 0 0 -1
48 2 177 168 64 40 0 0 -1
49 1 1059 460 51 51 0 0 -1
49 2 182 170 63 40 0 0 -1
50 1 1059 460 51 51 0 0 -1
50 2 185 169 64 42 0 0 -1
51 1 1059 460 51 51 0 0 -1
51 2 190 169 60 39 0 0 -1
52 1 1059 465 49 45 0 0 -1
52 2 194 169 63 42 0 0 -1
53 1 1059 465 49 45 0 0 -1
53 2 202 170 59 38 0 0 -1
54 1 1063 465 42 49 0 0 -1
54 2 206 172 59 33 0 0 -1
55 1 1063 465 42 49 0 0 -1
55 2 210 172 60 34 0 0 -1
56 1 1063 468 42 46 0 0 -1
56 2 212 170 66 30 0 0 -1
57 1 1063 469 42 45 0 0 -1
57 2 222 169 58 29 0 0 -1
58 1 1065 472 46 45 0 0 -1
58 2 226 166 58 29 0 0 -1
59 1 1065 472 46 45 0 0 -1
59 2 229 164 58 23 0 0 -1
60 1 1065 472 46 45 0 0 -1
60 2 235 161 56 24 0 0 -1
61 1 1065 472 46 45 0 0 -1
61 2 237 152 57 29 0 0 -1
62 1 1068 472 43 45 0 0 -1
62 2 243 145 53 29 0 0 -1
63 1 1068 472 43 45 0 0 -1
63 2 245 140 49 30 0 0 -1
64 1 1068 472 43 45 0 0 -1
64 2 252 138 45 26 0 0 -1
65 1 1068 472 43 45 0 0 -1
65 2 252 130 52 29 0 0 -1
66 1 1074 474 43 45 0 0 -1
66 2 253 121 52 31 0 0 -1
67 1 1074 474 43 45 0 0 -1
67 2 254 110 54 37 0 0 -1
68 1 1074 474 43 45 0 0 -1
68 2 257 104 50 38 0 0 -1
69 1 1075 477 42 39 0 0 -1
69 2 258 97 50 38 0 0 -1
70 1 1075 477 42 39 0 0 -1
70 2 263 87 46 47 0 0 -1
71 1 1075 477 42 39 0 0 -1
71 2 265 80 48 50 0 0 -1
72 1 1075 477 42 39 0 0 -1
72 2 267 77 46 46 0 0 -1
73 1 1077 477 40 39 0 0 -1
73 2 273 76 48 43 0 0 -1
74 1 1077 477 40 39 0 0 -1
74 2 275 74 47 41 0 0 -1
75 1 1077 477 40 39 0 0 -1
75 2 279 67 49 50 0 0 -1
76 1 1081 474 37 36 0 0 -1
76 2 280 63 51 47 0 0 -1
77 1 1081 474 37 36 0 0 -1
77 2 284 63 49 45 0 0 -1
78 1 1081 474 37 36 0 0 -1
78 2 290 63 48 43 0 0 -1
79 1 1081 474 37 36 0 0 -1
79 2 295 63 47 41 0 0 -1
80 1 1081 474 37 33 0 0 -1
80 2 297 60 51 42 0 0 -1
81 1 1081 474 37 33 0 0 -1
81 2 300 60 50 44 0 0 -1
82 1 1081 474 37 33 0 0 -1
82 2 307 64 51 40 0 0 -1
83 1 1081 474 37 33 0 0 -1
83 2 313 63 46 42 0 0 -1
84 1 1081 474 37 33 0 0 -1
84 2 317 63 48 41 0 0 -1
85 1 1081 474 37 33 0 0 -1
85 2 318 66 54 36 0 0 -1
86 1 1081 474 37 33 0 0 -1
86 2 328 66 47 39 0 0 -1
87 1 1077 474 37 33 0 0 -1
87 2 331 67 50 41 0 0 -1
88 1 1077 474 37 33 0 0 -1
88 2 338 68 50 40 0 0 -1
89 1 1077 474 37 33 0 0 -1
89 2 343 68 52 40 0 0 -1
90 1 1077 474 37 33 0 0 -1
90 2 346 68 50 42 0 0 -1
91 1 1074 474 37 33 0 0 -1
91 2 355 72 47 38 0 0 -1
92 1 1074 474 37 33 0 0 -1
92 2 359 70 48 41 0 0 -1
93 1 1074 474 37 33 0 0 -1
93 2 368 75 47 39 0 0 -1
94 1 1069 477 37 33 0 0 -1
94 2 375 76 48 37 0 0 -1
95 1 1069 477 37 33 0 0 -1
95 2 380 76 49 39 0 0 -1
96 1 1069 477 37 33 0 0 -1
96 2 386 79 50 40 0 0 -1
97 1 1066 480 37 33 0 0 -1
97 2 398 83 47 36 0 0 -1
98 1 1066 480 37 33 0 0 -1
98 2 405 85 47 38 0 0 -1
99 1 1066 480 37 33 0 0 -1
99 2 411 88 49 38 0 0 -1
100 1 1062 483 37 33 0 0 -1
100 2 420 87 50 38 0 0 -1
