1 1 1000 118 138 135 0 0 -1
1 2 1148 145 81 82 0 0 -1
2 1 978 118 159 150 0 0 -1
2 2 1151 148 79 77 0 0 -1
3 1 1006 145 138 123 0 0 -1
3 2 1149 162 79 75 0 0 -1
4 1 993 145 154 150 0 0 -1
4 2 1148 161 78 75 0 0 -1
5 1 1012 171 132 124 0 0 -1
5 2 1144 172 85 78 0 0 -1
6 1 1008 189 132 117 0 0 -1
6 2 1145 172 80 77 0 0 -1
7 1 1006 196 129 132 0 0 -1
7 2 1144 185 81 76 0 0 -1
8 1 1020 225 118 109 0 0 -1
8 2 1144 186 80 72 0 0 -1
9 1 1018 229 123 115 0 0 -1
9 2 1144 204 77 66 0 0 -1
10 1 1018 241 123 115 0 0 -1
10 2 1145 204 75 67 0 0 -1
11 1 1029 267 111 103 0 0 -1
11 2 1145 217 70 62 0 0 -1
12 1 1027 279 111 99 0 0 -1
12 2 1148 223 71 53 0 0 -1
13 1 1026 291 103 103 0 0 -1
13 2 1144 238 73 50 0 0 -1
14 1 1032 306 99 91 0 0 -1
14 2 1147 238 69 50 0 0 -1
15 1 1032 321 99 91 0 0 -1
15 2 1144 250 69 48 0 0 -1
16 1 1038 322 99 100 0 0 -1
16 2 1143 249 76 52 0 0 -1
17 1 1030 334 99 91 0 0 -1
17 2 1141 255 70 50 0 0 -1
18 1 1038 355 94 82 0 0 -1
18 2 1144 259 64 47 0 0 -1
19 1 1036 352 84 91 0 0 -1
19 2 1141 267 63 43 0 0 -1
20 1 1033 369 87 75 0 0 -1
20 2 1141 264 65 46 0 0 -1
21 1 1047 375 78 79 0 0 -1
21 2 1138 272 68 43 0 0 -1
22 1 1035 369 94 91 0 0 -1
22 2 1139 272 70 42 0 0 -1
23 1 1042 390 81 73 0 0 -1
23 2 1135 279 72 43 0 0 -1
24 1 1047 393 76 73 0 0 -1
24 2 1136 274 64 49 0 0 -1
25 1 1038 393 81 79 0 0 -1
25 2 1134 278 61 53 0 0 -1
26 1 1044 403 72 75 0 0 -1
26 2 1135 275 61 55 0 0 -1
27 1 1044 409 76 69 0 0 -1
27 2 1134 276 55 60 0 0 -1
28 1 1044 409 76 69 0 0 -1
28 2 1134 279 58 59 0 0 -1
29 1 1047 415 75 69 0 0 -1
29 2 1123 280 62 63 0 0 -1
30 1 1044 421 73 64 0 0 -1
30 2 1126 281 57 61 0 0 -1
31 1 1047 420 66 63 0 0 -1
31 2 1106 287 67 64 0 0 -1
32 1 1042 420 70 66 0 0 -1
32 2 1102 289 66 62 0 0 -1
33 1 1045 424 70 66 0 0 -1
33 2 1090 293 68 62 0 0 -1
34 1 1045 432 70 66 0 0 -1
34 2 1097 297 55 58 0 0 -1
35 1 1042 427 70 66 0 0 -1
35 2 1085 306 59 46 0 0 -1
36 1 1045 435 66 58 0 0 -1
36 2 1081 306 63 45 0 0 -1
37 1 1050 439 61 58 0 0 -1
37 2 1062 312 65 45 0 0 -1
38 1 1050 438 60 61 0 0 -1
38 2 1059 310 72 49 0 0 -1
39 1 1050 438 60 61 0 0 -1
39 2 1043 309 70 59 0 0 -1
40 1 1054 445 55 54 0 0 -1
40 2 1041 309 72 57 0 0 -1
41 1 1050 442 60 61 0 0 -1
41 2 1017 314 66 56 0 0 -1
42 1 1051 442 60 61 0 0 -1
42 2 1019 314 62 54 0 0 -1
43 1 1054 448 55 55 0 0 -1
43 2 994 321 65 52 0 0 -1
44 1 1053 453 55 51 0 0 -1
44 2 988 318 75 55 0 0 -1
45 1 1053 453 55 51 0 0 -1
45 2 964 317 66 56 0 0 -1
46 1 1054 454 54 51 0 0 -1
46 2 964 323 66 54 0 0 -1
47 1 1053 453 55 51 0 0 -1
47 2 924 325 79 53 0 0 -1
48 1 1059 460 51 51 0 0 -1
48 2 931 323 72 54 0 0 -1
49 1 1059 460 51 51 0 0 -1
49 2 900 326 70 52 0 0 -1
50 1 1059 460 51 51 0 0 -1
50 2 900 327 71 50 0 0 -1
51 1 1059 460 51 51 0 0 -1
51 2 872 332 68 49 0 0 -1
52 1 1059 465 49 45 0 0 -1
52 2 868 331 72 49 0 0 -1
53 1 1059 465 49 45 0 0 -1
53 2 833 334 76 48 0 0 -1
54 1 1063 465 42 49 0 0 -1
54 2 835 331 75 49 0 0 -1
55 1 1063 465 42 49 0 0 -1
55 2 803 335 76 48 0 0 -1
56 1 1063 468 42 46 0 0 -1
56 2 803 335 78 43 0 0 -1
57 1 1063 469 42 45 0 0 -1
57 2 767 331 83 49 0 0 -1
58 1 1065 472 46 45 0 0 -1
58 2 765 331 87 51 0 0 -1
59 1 1065 472 46 45 0 0 -1
59 2 745 335 75 46 0 0 -1
60 1 1065 472 46 45 0 0 -1
60 2 750 334 75 49 0 0 -1
61 1 1065 472 46 45 0 0 -1
61 2 716 332 78 51 0 0 -1
62 1 1068 472 43 45 0 0 -1
62 2 718 331 73 51 0 0 -1
63 1 1068 472 43 45 0 0 -1
63 2 697 339 69 50 0 0 -1
64 1 1068 472 43 45 0 0 -1
64 2 698 338 72 51 0 0 -1
65 1 1068 472 43 45 0 0 -1
65 2 671 347 73 47 0 0 -1
66 1 1074 474 43 45 0 0 -1
66 2 673 349 72 48 0 0 -1
67 1 1074 474 43 45 0 0 -1
67 2 651 360 67 50 0 0 -1
68 1 1074 474 43 45 0 0 -1
68 2 651 363 68 45 0 0 -1
69 1 1075 477 42 39 0 0 -1
69 2 628 370 71 50 0 0 -1
70 1 1075 477 42 39 0 0 -1
70 2 629 371 67 50 0 0 -1
71 1 1075 477 42 39 0 0 -1
71 2 615 394 61 42 0 0 -1
72 1 1075 477 42 39 0 0 -1
72 2 616 393 59 43 0 0 -1
73 1 1077 477 40 39 0 0 -1
73 2 600 411 64 39 0 0 -1
74 1 1077 477 40 39 0 0 -1
74 2 595 410 67 43 0 0 -1
75 1 1077 477 40 39 0 0 -1
75 2 581 427 58 43 0 0 -1
76 1 1081 474 37 36 0 0 -1
76 2 583 427 55 44 0 0 -1
77 1 1081 474 37 36 0 0 -1
77 2 565 441 61 47 0 0 -1
78 1 1081 474 37 36 0 0 -1
78 2 565 440 63 48 0 0 -1
79 1 1081 474 37 36 0 0 -1
79 2 558 451 55 44 0 0 -1
80 1 1081 474 37 33 0 0 -1
80 2 556 451 60 42 0 0 -1
81 1 1081 474 37 33 0 0 -1
81 2 549 463 60 45 0 0 -1
82 1 1081 474 37 33 0 0 -1
82 2 550 465 63 41 0 0 -1
83 1 1081 474 37 33 0 0 -1
83 2 540 472 67 41 0 0 -1
84 1 1081 474 37 33 0 0 -1
84 2 540 472 69 41 0 0 -1
85 1 1081 474 37 33 0 0 -1
85 2 535 476 56 43 0 0 -1
86 1 1081 474 37 33 0 0 -1
86 2 532 476 63 38 0 0 -1
87 1 1077 474 37 33 0 0 -1
87 2 527 480 59 39 0 0 -1
88 1 1077 474 37 33 0 0 -1
88 2 526 479 64 40 0 0 -1
89 1 1077 474 37 33 0 0 -1
89 2 511 479 63 46 0 0 -1
90 1 1077 474 37 33 0 0 -1
90 2 509 480 64 46 0 0 -1
91 1 1074 474 37 33 0 0 -1
91 2 497 482 64 45 0 0 -1
92 1 1074 474 37 33 0 0 -1
92 2 498 480 66 47 0 0 -1
93 1 1074 474 37 33 0 0 -1
93 2 486 482 59 37 0 0 -1
94 1 1069 477 37 33 0 0 -1
94 2 489 483 59 39 0 0 -1
95 1 1069 477 37 33 0 0 -1
95 2 467 483 61 39 0 0 -1
96 1 1069 477 37 33 0 0 -1
96 2 468 485 60 40 0 0 -1
97 1 1066 480 37 33 0 0 -1
97 2 448 484 59 37 0 0 -1
98 1 1066 480 37 33 0 0 -1
98 2 447 485 59 36 0 0 -1
99 1 1066 480 37 33 0 0 -1
99 2 416 483 65 38 0 0 -1
100 1 1062 483 37 33 0 0 -1
100 2 412 479 73 40 0 0 -1
