1 1 667 79 92 90 0 0 -1
1 2 602 100 45 33 0 0 -1
2 1 652 79 106 100 0 0 -1
2 2 602 100 45 33 0 0 -1
3 1 671 97 92 82 0 0 -1
3 2 602 100 45 33 0 0 -1
4 1 662 97 103 100 0 0 -1
4 2 602 100 45 33 0 0 -1
5 1 675 114 88 83 0 0 -1
5 2 602 100 45 33 0 0 -1
6 1 672 126 88 78 0 0 -1
6 2 602 100 45 33 0 0 -1
7 1 671 131 86 88 0 0 -1
7 2 603 101 45 33 0 0 -1
8 1 680 150 79 73 0 0 -1
8 2 605 103 45 33 0 0 -1
9 1 679 153 82 77 0 0 -1
9 2 605 103 45 33 0 0 -1
10 1 679 161 82 77 0 0 -1
10 2 605 103 45 33 0 0 -1
11 1 686 178 74 69 0 0 -1
11 2 605 103 45 33 0 0 -1
12 1 685 186 74 66 0 0 -1
12 2 605 103 45 33 0 0 -1
13 1 684 194 69 69 0 0 -1
13 2 605 103 45 33 0 0 -1
14 1 688 204 66 61 0 0 -1
14 2 605 103 45 33 0 0 -1
15 1 688 214 66 61 0 0 -1
15 2 605 103 45 33 0 0 -1
16 1 692 215 66 67 0 0 -1
16 2 605 103 45 33 0 0 -1
17 1 687 223 66 61 0 0 -1
17 2 605 103 45 33 0 0 -1
18 1 692 237 63 55 0 0 -1
18 2 605 103 45 33 0 0 -1
19 1 691 235 56 61 0 0 -1
19 2 605 103 45 33 0 0 -1
20 1 689 246 58 50 0 0 -1
20 2 605 103 45 33 0 0 -1
21 1 698 250 52 53 0 0 -1
21 2 605 105 45 31 0 0 -1
22 1 690 246 63 61 0 0 -1
22 2 604 105 45 31 0 0 -1
23 1 695 260 54 49 0 0 -1
23 2 604 106 45 31 0 0 -1
24 1 698 262 51 49 0 0 -1
24 2 605 104 45 31 0 0 -1
25 1 692 262 54 53 0 0 -1
25 2 605 105 45 31 0 0 -1
26 1 696 269 48 50 0 0 -1
26 2 605 104 45 31 0 0 -1
27 1 696 273 51 46 0 0 -1
27 2 605 104 45 31 0 0 -1
28 1 696 273 51 46 0 0 -1
28 2 605 103 45 31 0 0 -1
29 1 698 277 50 46 0 0 -1
29 2 605 102 45 31 0 0 -1
30 1 696 281 49 43 0 0 -1
30 2 605 102 45 31 0 0 -1
31 1 698 280 44 42 0 0 -1
31 2 605 102 45 31 0 0 -1
32 1 695 280 47 44 0 0 -1
32 2 605 102 45 31 0 0 -1
33 1 697 283 47 44 0 0 -1
33 2 605 102 45 31 0 0 -1
34 1 697 288 47 44 0 0 -1
34 2 605 102 45 31 0 0 -1
35 1 695 285 47 44 0 0 -1
35 2 605 102 45 31 0 0 -1
36 1 697 290 44 39 0 0 -1
36 2 605 100 45 31 0 0 -1
37 1 700 293 41 39 0 0 -1
37 2 605 100 45 31 0 0 -1
38 1 700 292 40 41 0 0 -1
38 2 605 100 45 31 0 0 -1
39 1 700 292 40 41 0 0 -1
39 2 605 100 45 31 0 0 -1
40 1 703 297 37 36 0 0 -1
40 2 605 96 45 32 0 0 -1
41 1 700 295 40 41 0 0 -1
41 2 605 96 45 32 0 0 -1
42 1 701 295 40 41 0 0 -1
42 2 605 96 45 32 0 0 -1
43 1 703 299 37 37 0 0 -1
43 2 605 96 45 32 0 0 -1
44 1 702 302 37 34 0 0 -1
44 2 605 94 45 32 0 0 -1
45 1 702 302 37 34 0 0 -1
45 2 605 94 45 32 0 0 -1
46 1 703 303 36 34 0 0 -1
46 2 605 94 45 32 0 0 -1
47 1 702 302 37 34 0 0 -1
47 2 605 91 45 33 0 0 -1
48 1 706 307 34 34 0 0 -1
48 2 605 91 45 33 0 0 -1
49 1 706 307 34 34 0 0 -1
49 2 605 91 45 33 0 0 -1
50 1 706 307 34 34 0 0 -1
50 2 605 91 45 33 0 0 -1
51 1 706 307 34 34 0 0 -1
51 2 605 87 45 33 0 0 -1
52 1 706 310 33 30 0 0 -1
52 2 605 86 45 34 0 0 -1
53 1 706 310 33 30 0 0 -1
53 2 605 86 45 34 0 0 -1
54 1 709 310 28 33 0 0 -1
54 2 605 86 45 34 0 0 -1
55 1 709 310 28 33 0 0 -1
55 2 605 86 45 34 0 0 -1
56 1 709 312 28 31 0 0 -1
56 2 604 84 45 34 0 0 -1
57 1 709 313 28 30 0 0 -1
57 2 604 84 45 34 0 0 -1
58 1 710 315 31 30 0 0 -1
58 2 604 84 45 34 0 0 -1
59 1 710 315 31 30 0 0 -1
59 2 604 84 45 34 0 0 -1
60 1 710 315 31 30 0 0 -1
60 2 604 84 45 34 0 0 -1
61 1 710 315 31 30 0 0 -1
61 2 604 84 45 34 0 0 -1
62 1 712 315 29 30 0 0 -1
62 2 604 84 45 34 0 0 -1
63 1 712 315 29 30 0 0 -1
63 2 604 84 45 34 0 0 -1
64 1 712 315 29 30 0 0 -1
64 2 604 84 45 34 0 0 -1
65 1 712 315 29 30 0 0 -1
65 2 604 84 45 34 0 0 -1
66 1 716 316 29 30 0 0 -1
66 2 604 84 45 34 0 0 -1
67 1 716 316 29 30 0 0 -1
67 2 604 84 45 34 0 0 -1
68 1 716 316 29 30 0 0 -1
68 2 604 84 45 34 0 0 -1
69 1 717 318 28 26 0 0 -1
69 2 604 84 45 34 0 0 -1
70 1 717 318 28 26 0 0 -1
70 2 604 84 45 34 0 0 -1
71 1 717 318 28 26 0 0 -1
71 2 604 84 47 37 0 0 -1
72 1 717 318 28 26 0 0 -1
72 2 604 84 47 37 0 0 -1
73 1 718 318 27 26 0 0 -1
73 2 604 84 47 37 0 0 -1
74 1 718 318 27 26 0 0 -1
74 2 604 84 47 37 0 0 -1
75 1 718 318 27 26 0 0 -1
75 2 604 84 47 37 0 0 -1
76 1 721 316 25 24 0 0 -1
76 2 604 84 47 37 0 0 -1
77 1 721 316 25 24 0 0 -1
77 2 604 84 47 37 0 0 -1
78 1 721 316 25 24 0 0 -1
78 2 604 84 47 37 0 0 -1
79 1 721 316 25 24 0 0 -1
79 2 604 84 47 37 0 0 -1
80 1 721 316 25 22 0 0 -1
80 2 604 84 47 37 0 0 -1
81 1 721 316 25 22 0 0 -1
81 2 604 84 47 37 0 0 -1
82 1 721 316 25 22 0 0 -1
82 2 604 84 47 37 0 0 -1
83 1 721 316 25 22 0 0 -1
83 2 604 84 47 37 0 0 -1
84 1 721 316 25 22 0 0 -1
84 2 604 84 47 37 0 0 -1
85 1 721 316 25 22 0 0 -1
85 2 604 84 47 37 0 0 -1
86 1 721 316 25 22 0 0 -1
86 2 602 81 47 39 0 0 -1
87 1 718 316 25 22 0 0 -1
87 2 602 81 47 39 0 0 -1
88 1 718 316 25 22 0 0 -1
88 2 602 81 47 39 0 0 -1
89 1 718 316 25 22 0 0 -1
89 2 602 81 47 39 0 0 -1
90 1 718 316 25 22 0 0 -1
90 2 602 78 47 39 0 0 -1
91 1 716 316 25 22 0 0 -1
91 2 602 74 47 39 0 0 -1
92 1 716 316 25 22 0 0 -1
92 2 602 71 47 39 0 0 -1
93 1 716 316 25 22 0 0 -1
93 2 602 66 47 39 0 0 -1
94 1 713 318 25 22 0 0 -1
94 2 602 63 47 39 0 0 -1
95 1 713 318 25 22 0 0 -1
95 2 602 61 47 39 0 0 -1
96 1 713 318 25 22 0 0 -1
96 2 602 56 47 39 0 0 -1
97 1 711 320 25 22 0 0 -1
97 2 602 53 47 39 0 0 -1
98 1 711 320 25 22 0 0 -1
98 2 602 51 47 39 0 0 -1
99 1 711 320 25 22 0 0 -1
99 2 602 46 47 39 0 0 -1
100 1 708 322 25 22 0 0 -1
100 2 602 44 47 39 0 0 -1
