1 1 1000 118 138 135 0 0 -1
1 2 918 541 38 39 0 0 -1
2 1 978 118 159 150 0 0 -1
2 2 914 543 37 42 0 0 -1
3 1 1006 145 138 123 0 0 -1
3 2 910 554 37 42 0 0 -1
4 1 993 145 154 150 0 0 -1
4 2 910 558 37 42 0 0 -1
5 1 1012 171 132 124 0 0 -1
5 2 914 554 35 41 0 0 -1
6 1 1008 189 132 117 0 0 -1
6 2 914 554 35 41 0 0 -1
7 1 1006 196 129 132 0 0 -1
7 2 909 559 35 44 0 0 -1
8 1 1020 225 118 109 0 0 -1
8 2 907 568 33 40 0 0 -1
9 1 1018 229 123 115 0 0 -1
9 2 907 568 34 46 0 0 -1
10 1 1018 241 123 115 0 0 -1
10 2 911 571 34 46 0 0 -1
11 1 1029 267 111 103 0 0 -1
11 2 913 577 34 46 0 0 -1
12 1 1027 279 111 99 0 0 -1
12 2 910 579 34 46 0 0 -1
13 1 1026 291 103 103 0 0 -1
13 2 909 587 34 46 0 0 -1
14 1 1032 306 99 91 0 0 -1
14 2 916 600 34 46 0 0 -1
15 1 1032 321 99 91 0 0 -1
15 2 922 599 34 46 0 0 -1
16 1 1038 322 99 100 0 0 -1
16 2 927 608 34 46 0 0 -1
17 1 1030 334 99 91 0 0 -1
17 2 932 622 34 46 0 0 -1
18 1 1038 355 94 82 0 0 -1
18 2 933 622 31 46 0 0 -1
19 1 1036 352 84 91 0 0 -1
19 2 938 622 31 46 0 0 -1
20 1 1033 369 87 75 0 0 -1
20 2 942 624 31 46 0 0 -1
21 1 1047 375 78 79 0 0 -1
21 2 939 628 31 46 0 0 -1
22 1 1035 369 94 91 0 0 -1
22 2 938 629 31 46 0 0 -1
23 1 1042 390 81 73 0 0 -1
23 2 938 630 35 48 0 0 -1
24 1 1047 393 76 73 0 0 -1
24 2 939 633 35 48 0 0 -1
25 1 1038 393 81 79 0 0 -1
25 2 941 626 35 48 0 0 -1
26 1 1044 403 72 75 0 0 -1
26 2 938 618 37 48 0 0 -1
27 1 1044 409 76 69 0 0 -1
27 2 938 630 39 48 0 0 -1
28 1 1044 409 76 69 0 0 -1
28 2 944 628 38 49 0 0 -1
29 1 1047 415 75 69 0 0 -1
29 2 948 629 42 48 0 0 -1
30 1 1044 421 73 64 0 0 -1
30 2 954 639 40 48 0 0 -1
31 1 1047 420 66 63 0 0 -1
31 2 961 646 43 49 0 0 -1
32 1 1042 420 70 66 0 0 -1
32 2 968 649 43 50 0 0 -1
33 1 1045 424 70 66 0 0 -1
33 2 973 657 43 50 0 0 -1
34 1 1045 432 70 66 0 0 -1
34 2 979 662 43 50 0 0 -1
35 1 1042 427 70 66 0 0 -1
35 2 985 666 43 50 0 0 -1
36 1 1045 435 66 58 0 0 -1
36 2 987 675 45 50 0 0 -1
37 1 1050 439 61 58 0 0 -1
37 2 981 685 49 54 0 0 -1
38 1 1050 438 60 61 0 0 -1
38 2 981 680 49 54 0 0 -1
39 1 1050 438 60 61 0 0 -1
39 2 986 682 49 54 0 0 -1
40 1 1054 445 55 54 0 0 -1
40 2 992 676 47 50 0 0 -1
41 1 1050 442 60 61 0 0 -1
41 2 996 670 47 50 0 0 -1
42 1 1051 442 60 61 0 0 -1
42 2 1004 672 46 49 0 0 -1
43 1 1054 448 55 55 0 0 -1
43 2 1013 651 47 50 0 0 -1
44 1 1053 453 55 51 0 0 -1
44 2 1021 647 47 49 0 0 -1
45 1 1053 453 55 51 0 0 -1
45 2 1030 645 47 50 0 0 -1
46 1 1054 454 54 51 0 0 -1
46 2 1035 641 47 50 0 0 -1
47 1 1053 453 55 51 0 0 -1
47 2 1044 638 40 50 0 0 -1
48 1 1059 460 51 51 0 0 -1
48 2 1053 635 37 50 0 0 -1
49 1 1059 460 51 51 0 0 -1
49 2 1057 639 40 50 0 0 -1
50 1 1059 460 51 51 0 0 -1
50 2 1065 643 34 50 0 0 -1
51 1 1059 460 51 51 0 0 -1
51 2 1069 646 38 50 0 0 -1
52 1 1059 465 49 45 0 0 -1
52 2 1076 647 37 57 0 0 -1
53 1 1059 465 49 45 0 0 -1
53 2 1075 661 38 55 0 0 -1
54 1 1063 465 42 49 0 0 -1
54 2 1073 680 40 55 0 0 -1
55 1 1063 465 42 49 0 0 -1
55 2 1072 692 41 55 0 0 -1
56 1 1063 468 42 46 0 0 -1
56 2 1068 692 51 55 0 0 -1
57 1 1063 469 42 45 0 0 -1
57 2 1072 682 47 55 0 0 -1
58 1 1065 472 46 45 0 0 -1
58 2 1056 677 56 53 0 0 -1
59 1 1065 472 46 45 0 0 -1
59 2 1028 663 56 53 0 0 -1
60 1 1065 472 46 45 0 0 -1
60 2 1011 655 55 51 0 0 -1
61 1 1065 472 46 45 0 0 -1
61 2 1004 633 59 54 0 0 -1
62 1 1068 472 43 45 0 0 -1
62 2 992 601 61 55 0 0 -1
63 1 1068 472 43 45 0 0 -1
63 2 979 587 62 52 0 0 -1
64 1 1068 472 43 45 0 0 -1
64 2 968 576 60 56 0 0 -1
65 1 1068 472 43 45 0 0 -1
65 2 960 556 59 57 0 0 -1
66 1 1074 474 43 45 0 0 -1
66 2 949 554 57 56 0 0 -1
67 1 1074 474 43 45 0 0 -1
67 2 951 556 51 60 0 0 -1
68 1 1074 474 43 45 0 0 -1
68 2 951 560 40 53 0 0 -1
69 1 1075 477 42 39 0 0 -1
69 2 946 569 42 57 0 0 -1
70 1 1075 477 42 39 0 0 -1
70 2 943 583 38 57 0 0 -1
71 1 1075 477 42 39 0 0 -1
71 2 943 591 40 50 0 0 -1
72 1 1075 477 42 39 0 0 -1
72 2 939 585 43 63 0 0 -1
73 1 1077 477 40 39 0 0 -1
73 2 942 603 45 66 0 0 -1
74 1 1077 477 40 39 0 0 -1
74 2 948 605 53 62 0 0 -1
75 1 1077 477 40 39 0 0 -1
75 2 966 605 52 63 0 0 -1
76 1 1081 474 37 36 0 0 -1
76 2 970 606 59 66 0 0 -1
77 1 1081 474 37 36 0 0 -1
77 2 969 609 64 64 0 0 -1
78 1 1081 474 37 36 0 0 -1
78 2 991 604 53 61 0 0 -1
79 1 1081 474 37 36 0 0 -1
79 2 997 599 61 61 0 0 -1
80 1 1081 474 37 33 0 0 -1
80 2 1003 595 59 55 0 0 -1
81 1 1081 474 37 33 0 0 -1
81 2 1013 578 57 55 0 0 -1
82 1 1081 474 37 33 0 0 -1
82 2 1016 570 57 55 0 0 -1
83 1 1081 474 37 33 0 0 -1
83 2 1017 569 63 56 0 0 -1
84 1 1081 474 37 33 0 0 -1
84 2 1008 560 59 58 0 0 -1
85 1 1081 474 37 33 0 0 -1
85 2 989 564 58 60 0 0 -1
86 1 1081 474 37 33 0 0 -1
86 2 990 574 52 53 0 0 -1
87 1 1077 474 37 33 0 0 -1
87 2 985 568 55 56 0 0 -1
88 1 1077 474 37 33 0 0 -1
88 2 977 566 54 59 0 0 -1
89 1 1077 474 37 33 0 0 -1
89 2 966 583 57 54 0 0 -1
90 1 1077 474 37 33 0 0 -1
90 2 962 588 56 56 0 0 -1
91 1 1074 474 37 33 0 0 -1
91 2 957 582 53 56 0 0 -1
92 1 1074 474 37 33 0 0 -1
92 2 950 583 55 51 0 0 -1
93 1 1074 474 37 33 0 0 -1
93 2 951 589 53 49 0 0 -1
94 1 1069 477 37 33 0 0 -1
94 2 954 594 56 48 0 0 -1
95 1 1069 477 37 33 0 0 -1
95 2 956 588 59 48 0 0 -1
96 1 1069 477 37 33 0 0 -1
96 2 957 573 57 46 0 0 -1
97 1 1066 480 37 33 0 0 -1
97 2 958 579 54 49 0 0 -1
98 1 1066 480 37 33 0 0 -1
98 2 953 583 55 45 0 0 -1
99 1 1066 480 37 33 0 0 -1
99 2 951 572 62 49 0 0 -1
100 1 1062 483 37 33 0 0 -1
100 2 954 576 60 49 0 0 -1
