1 1 1000 118 138 135 0 0 -1
1 2 871 401 50 44 0 0 -1
2 1 978 118 159 150 0 0 -1
2 2 871 401 50 44 0 0 -1
3 1 1006 145 138 123 0 0 -1
3 2 871 401 50 44 0 0 -1
4 1 993 145 154 150 0 0 -1
4 2 873 406 50 44 0 0 -1
5 1 1012 171 132 124 0 0 -1
5 2 872 405 52 44 0 0 -1
6 1 1008 189 132 117 0 0 -1
6 2 873 405 55 45 0 0 -1
7 1 1006 196 129 132 0 0 -1
7 2 873 405 55 45 0 0 -1
8 1 1020 225 118 109 0 0 -1
8 2 875 408 55 45 0 0 -1
9 1 1018 229 123 115 0 0 -1
9 2 876 408 55 45 0 0 -1
10 1 1018 241 123 115 0 0 -1
10 2 878 408 55 45 0 0 -1
11 1 1029 267 111 103 0 0 -1
11 2 878 408 55 45 0 0 -1
12 1 1027 279 111 99 0 0 -1
12 2 882 405 55 45 0 0 -1
13 1 1026 291 103 103 0 0 -1
13 2 883 405 55 45 0 0 -1
14 1 1032 306 99 91 0 0 -1
14 2 885 405 55 45 0 0 -1
15 1 1032 321 99 91 0 0 -1
15 2 888 406 55 45 0 0 -1
16 1 1038 322 99 100 0 0 -1
16 2 889 408 55 45 0 0 -1
17 1 1030 334 99 91 0 0 -1
17 2 893 407 55 45 0 0 -1
18 1 1038 355 94 82 0 0 -1
18 2 895 405 55 45 0 0 -1
19 1 1036 352 84 91 0 0 -1
19 2 898 404 55 45 0 0 -1
20 1 1033 369 87 75 0 0 -1
20 2 901 401 56 45 0 0 -1
21 1 1047 375 78 79 0 0 -1
21 2 901 401 56 45 0 0 -1
22 1 1035 369 94 91 0 0 -1
22 2 906 401 56 45 0 0 -1
23 1 1042 390 81 73 0 0 -1
23 2 906 401 56 45 0 0 -1
24 1 1047 393 76 73 0 0 -1
24 2 910 401 56 45 0 0 -1
25 1 1038 393 81 79 0 0 -1
25 2 911 397 56 45 0 0 -1
26 1 1044 403 72 75 0 0 -1
26 2 913 397 56 45 0 0 -1
27 1 1044 409 76 69 0 0 -1
27 2 913 397 56 45 0 0 -1
28 1 1044 409 76 69 0 0 -1
28 2 913 397 56 45 0 0 -1
29 1 1047 415 75 69 0 0 -1
29 2 913 394 56 45 0 0 -1
30 1 1044 421 73 64 0 0 -1
30 2 913 394 56 45 0 0 -1
31 1 1047 420 66 63 0 0 -1
31 2 917 390 58 45 0 0 -1
32 1 1042 420 70 66 0 0 -1
32 2 917 390 58 45 0 0 -1
33 1 1045 424 70 66 0 0 -1
33 2 915 390 60 45 0 0 -1
34 1 1045 432 70 66 0 0 -1
34 2 918 385 58 45 0 0 -1
35 1 1042 427 70 66 0 0 -1
35 2 918 385 58 45 0 0 -1
36 1 1045 435 66 58 0 0 -1
36 2 918 385 58 45 0 0 -1
37 1 1050 439 61 58 0 0 -1
37 2 917 381 58 45 0 0 -1
38 1 1050 438 60 61 0 0 -1
38 2 918 380 58 45 0 0 -1
39 1 1050 438 60 61 0 0 -1
39 2 915 377 60 47 0 0 -1
40 1 1054 445 55 54 0 0 -1
40 2 915 377 60 47 0 0 -1
41 1 1050 442 60 61 0 0 -1
41 2 915 377 60 47 0 0 -1
42 1 1051 442 60 61 0 0 -1
42 2 912 374 60 47 0 0 -1
43 1 1054 448 55 55 0 0 -1
43 2 912 374 60 47 0 0 -1
44 1 1053 453 55 51 0 0 -1
44 2 908 372 60 47 0 0 -1
45 1 1053 453 55 51 0 0 -1
45 2 905 371 60 47 0 0 -1
46 1 1054 454 54 51 0 0 -1
46 2 903 369 60 47 0 0 -1
47 1 1053 453 55 51 0 0 -1
47 2 903 368 60 47 0 0 -1
48 1 1059 460 51 51 0 0 -1
48 2 899 364 65 49 0 0 -1
49 1 1059 460 51 51 0 0 -1
49 2 899 360 64 51 0 0 -1
50 1 1059 460 51 51 0 0 -1
50 2 899 360 64 51 0 0 -1
51 1 1059 460 51 51 0 0 -1
51 2 896 358 64 51 0 0 -1
52 1 1059 465 49 45 0 0 -1
52 2 891 354 68 52 0 0 -1
53 1 1059 465 49 45 0 0 -1
53 2 891 354 68 52 0 0 -1
54 1 1063 465 42 49 0 0 -1
54 2 887 351 68 52 0 0 -1
55 1 1063 465 42 49 0 0 -1
55 2 885 347 68 52 0 0 -1
56 1 1063 468 42 46 0 0 -1
56 2 885 343 68 52 0 0 -1
57 1 1063 469 42 45 0 0 -1
57 2 880 341 68 52 0 0 -1
58 1 1065 472 46 45 0 0 -1
58 2 879 337 68 52 0 0 -1
59 1 1065 472 46 45 0 0 -1
59 2 876 335 68 52 0 0 -1
60 1 1065 472 46 45 0 0 -1
60 2 873 330 68 57 0 0 -1
61 1 1065 472 46 45 0 0 -1
61 2 873 330 68 57 0 0 -1
62 1 1068 472 43 45 0 0 -1
62 2 868 330 68 57 0 0 -1
63 1 1068 472 43 45 0 0 -1
63 2 864 330 68 57 0 0 -1
64 1 1068 472 43 45 0 0 -1
64 2 860 330 68 57 0 0 -1
65 1 1068 472 43 45 0 0 -1
65 2 855 328 69 57 0 0 -1
66 1 1074 474 43 45 0 0 -1
66 2 850 327 72 57 0 0 -1
67 1 1074 474 43 45 0 0 -1
67 2 846 327 72 57 0 0 -1
68 1 1074 474 43 45 0 0 -1
68 2 837 331 72 57 0 0 -1
69 1 1075 477 42 39 0 0 -1
69 2 837 332 72 57 0 0 -1
70 1 1075 477 42 39 0 0 -1
70 2 828 331 76 60 0 0 -1
71 1 1075 477 42 39 0 0 -1
71 2 823 332 76 60 0 0 -1
72 1 1075 477 42 39 0 0 -1
72 2 819 331 76 60 0 0 -1
73 1 1077 477 40 39 0 0 -1
73 2 813 333 76 60 0 0 -1
74 1 1077 477 40 39 0 0 -1
74 2 809 334 76 60 0 0 -1
75 1 1077 477 40 39 0 0 -1
75 2 805 334 76 60 0 0 -1
76 1 1081 474 37 36 0 0 -1
76 2 797 331 76 60 0 0 -1
77 1 1081 474 37 36 0 0 -1
77 2 790 337 76 60 0 0 -1
78 1 1081 474 37 36 0 0 -1
78 2 787 334 76 60 0 0 -1
79 1 1081 474 37 36 0 0 -1
79 2 780 332 80 65 0 0 -1
80 1 1081 474 37 33 0 0 -1
80 2 773 332 80 65 0 0 -1
81 1 1081 474 37 33 0 0 -1
81 2 768 333 80 65 0 0 -1
82 1 1081 474 37 33 0 0 -1
82 2 757 334 80 65 0 0 -1
83 1 1081 474 37 33 0 0 -1
83 2 753 335 80 65 0 0 -1
84 1 1081 474 37 33 0 0 -1
84 2 747 334 80 65 0 0 -1
85 1 1081 474 37 33 0 0 -1
85 2 740 336 80 65 0 0 -1
86 1 1081 474 37 33 0 0 -1
86 2 737 334 81 65 0 0 -1
87 1 1077 474 37 33 0 0 -1
87 2 730 338 80 65 0 0 -1
88 1 1077 474 37 33 0 0 -1
88 2 721 339 82 65 0 0 -1
89 1 1077 474 37 33 0 0 -1
89 2 717 339 84 65 0 0 -1
90 1 1077 474 37 33 0 0 -1
90 2 707 344 85 65 0 0 -1
91 1 1074 474 37 33 0 0 -1
91 2 703 341 84 70 0 0 -1
92 1 1074 474 37 33 0 0 -1
92 2 695 342 88 70 0 0 -1
93 1 1074 474 37 33 0 0 -1
93 2 692 342 88 70 0 0 -1
94 1 1069 477 37 33 0 0 -1
94 2 683 344 88 70 0 0 -1
95 1 1069 477 37 33 0 0 -1
95 2 676 347 88 70 0 0 -1
96 1 1069 477 37 33 0 0 -1
96 2 671 350 88 70 0 0 -1
97 1 1066 480 37 33 0 0 -1
97 2 667 351 88 70 0 0 -1
98 1 1066 480 37 33 0 0 -1
98 2 663 349 88 70 0 0 -1
99 1 1066 480 37 33 0 0 -1
99 2 654 349 92 72 0 0 -1
100 1 1062 483 37 33 0 0 -1
100 2 651 349 92 72 0 0 -1
