1 1 1000 118 138 135 0 0 -1
1 2 390 272 49 30 0 0 -1
2 1 978 118 159 150 0 0 -1
2 2 390 274 51 27 0 0 -1
3 1 1006 145 138 123 0 0 -1
3 2 388 275 53 31 0 0 -1
4 1 993 145 154 150 0 0 -1
4 2 388 276 55 32 0 0 -1
5 1 1012 171 132 124 0 0 -1
5 2 392 278 55 31 0 0 -1
6 1 1008 189 132 117 0 0 -1
6 2 394 279 56 30 0 0 -1
7 1 1006 196 129 132 0 0 -1
7 2 394 279 57 31 0 0 -1
8 1 1020 225 118 109 0 0 -1
8 2 394 281 60 31 0 0 -1
9 1 1018 229 123 115 0 0 -1
9 2 395 281 60 33 0 0 -1
10 1 1018 241 123 115 0 0 -1
10 2 397 280 55 35 0 0 -1
11 1 1029 267 111 103 0 0 -1
11 2 399 279 56 38 0 0 -1
12 1 1027 279 111 99 0 0 -1
12 2 401 279 53 40 0 0 -1
13 1 1026 291 103 103 0 0 -1
13 2 404 279 51 43 0 0 -1
14 1 1032 306 99 91 0 0 -1
14 2 405 279 51 47 0 0 -1
15 1 1032 321 99 91 0 0 -1
15 2 411 280 44 47 0 0 -1
16 1 1038 322 99 100 0 0 -1
16 2 412 283 48 46 0 0 -1
17 1 1030 334 99 91 0 0 -1
17 2 414 285 50 47 0 0 -1
18 1 1038 355 94 82 0 0 -1
18 2 418 285 47 45 0 0 -1
19 1 1036 352 84 91 0 0 -1
19 2 426 290 47 44 0 0 -1
20 1 1033 369 87 75 0 0 -1
20 2 428 292 49 42 0 0 -1
21 1 1047 375 78 79 0 0 -1
21 2 434 293 51 45 0 0 -1
22 1 1035 369 94 91 0 0 -1
22 2 439 297 53 41 0 0 -1
23 1 1042 390 81 73 0 0 -1
23 2 447 300 52 39 0 0 -1
24 1 1047 393 76 73 0 0 -1
24 2 454 304 55 35 0 0 -1
25 1 1038 393 81 79 0 0 -1
25 2 460 305 54 38 0 0 -1
26 1 1044 403 72 75 0 0 -1
26 2 469 309 51 34 0 0 -1
27 1 1044 409 76 69 0 0 -1
27 2 476 309 51 34 0 0 -1
28 1 1044 409 76 69 0 0 -1
28 2 482 312 54 35 0 0 -1
29 1 1047 415 75 69 0 0 -1
29 2 492 314 55 34 0 0 -1
30 1 1044 421 73 64 0 0 -1
30 2 499 317 51 32 0 0 -1
31 1 1047 420 66 63 0 0 -1
31 2 506 322 48 30 0 0 -1
32 1 1042 420 70 66 0 0 -1
32 2 514 325 50 30 0 0 -1
33 1 1045 424 70 66 0 0 -1
33 2 520 323 53 32 0 0 -1
34 1 1045 432 70 66 0 0 -1
34 2 527 325 52 32 0 0 -1
35 1 1042 427 70 66 0 0 -1
35 2 532 325 52 32 0 0 -1
36 1 1045 435 66 58 0 0 -1
36 2 536 326 56 33 0 0 -1
37 1 1050 439 61 58 0 0 -1
37 2 544 329 51 35 0 0 -1
38 1 1050 438 60 61 0 0 -1
38 2 550 329 54 35 0 0 -1
39 1 1050 438 60 61 0 0 -1
39 2 554 332 53 33 0 0 -1
40 1 1054 445 55 54 0 0 -1
40 2 558 331 55 35 0 0 -1
41 1 1050 442 60 61 0 0 -1
41 2 564 336 51 33 0 0 -1
42 1 1051 442 60 61 0 0 -1
42 2 569 336 52 36 0 0 -1
43 1 1054 448 55 55 0 0 -1
43 2 574 338 51 34 0 0 -1
44 1 1053 453 55 51 0 0 -1
44 2 574 340 54 32 0 0 -1
45 1 1053 453 55 51 0 0 -1
45 2 575 343 54 29 0 0 -1
46 1 1054 454 54 51 0 0 -1
46 2 578 344 52 30 0 0 -1
47 1 1053 453 55 51 0 0 -1
47 2 582 346 53 30 0 0 -1
48 1 1059 460 51 51 0 0 -1
48 2 583 344 55 32 0 0 -1
49 1 1059 460 51 51 0 0 -1
49 2 587 346 54 35 0 0 -1
50 1 1059 460 51 51 0 0 -1
50 2 588 348 51 32 0 0 -1
51 1 1059 460 51 51 0 0 -1
51 2 592 349 49 31 0 0 -1
52 1 1059 465 49 45 0 0 -1
52 2 591 351 55 27 0 0 -1
53 1 1059 465 49 45 0 0 -1
53 2 592 355 53 26 0 0 -1
54 1 1063 465 42 49 0 0 -1
54 2 596 356 50 24 0 0 -1
55 1 1063 465 42 49 0 0 -1
55 2 595 353 51 30 0 0 -1
56 1 1063 468 42 46 0 0 -1
56 2 599 357 47 26 0 0 -1
57 1 1063 469 42 45 0 0 -1
57 2 599 356 51 29 0 0 -1
58 1 1065 472 46 45 0 0 -1
58 2 599 357 55 26 0 0 -1
59 1 1065 472 46 45 0 0 -1
59 2 599 356 52 29 0 0 -1
60 1 1065 472 46 45 0 0 -1
60 2 600 361 52 26 0 0 -1
61 1 1065 472 46 45 0 0 -1
61 2 603 360 49 27 0 0 -1
62 1 1068 472 43 45 0 0 -1
62 2 601 363 53 27 0 0 -1
63 1 1068 472 43 45 0 0 -1
63 2 605 363 50 27 0 0 -1
64 1 1068 472 43 45 0 0 -1
64 2 607 360 49 30 0 0 -1
65 1 1068 472 43 45 0 0 -1
65 2 605 361 47 30 0 0 -1
66 1 1074 474 43 45 0 0 -1
66 2 608 361 48 29 0 0 -1
67 1 1074 474 43 45 0 0 -1
67 2 609 360 51 31 0 0 -1
68 1 1074 474 43 45 0 0 -1
68 2 612 361 48 30 0 0 -1
69 1 1075 477 42 39 0 0 -1
69 2 611 361 53 30 0 0 -1
70 1 1075 477 42 39 0 0 -1
70 2 613 361 49 29 0 0 -1
71 1 1075 477 42 39 0 0 -1
71 2 612 360 54 30 0 0 -1
72 1 1075 477 42 39 0 0 -1
72 2 616 360 50 29 0 0 -1
73 1 1077 477 40 39 0 0 -1
73 2 616 360 53 29 0 0 -1
74 1 1077 477 40 39 0 0 -1
74 2 617 359 54 30 0 0 -1
75 1 1077 477 40 39 0 0 -1
75 2 620 357 51 28 0 0 -1
76 1 1081 474 37 36 0 0 -1
76 2 620 356 53 27 0 0 -1
77 1 1081 474 37 36 0 0 -1
77 2 621 356 52 27 0 0 -1
78 1 1081 474 37 36 0 0 -1
78 2 628 355 48 25 0 0 -1
79 1 1081 474 37 36 0 0 -1
79 2 626 353 50 27 0 0 -1
80 1 1081 474 37 33 0 0 -1
80 2 625 351 55 26 0 0 -1
81 1 1081 474 37 33 0 0 -1
81 2 632 348 52 29 0 0 -1
82 1 1081 474 37 33 0 0 -1
82 2 632 347 53 27 0 0 -1
83 1 1081 474 37 33 0 0 -1
83 2 632 347 51 25 0 0 -1
84 1 1081 474 37 33 0 0 -1
84 2 637 343 51 26 0 0 -1
85 1 1081 474 37 33 0 0 -1
85 2 637 339 53 30 0 0 -1
86 1 1081 474 37 33 0 0 -1
86 2 637 339 55 27 0 0 -1
87 1 1077 474 37 33 0 0 -1
87 2 641 339 53 24 0 0 -1
88 1 1077 474 37 33 0 0 -1
88 2 642 334 54 27 0 0 -1
89 1 1077 474 37 33 0 0 -1
89 2 643 332 55 25 0 0 -1
90 1 1077 474 37 33 0 0 -1
90 2 645 327 52 28 0 0 -1
91 1 1074 474 37 33 0 0 -1
91 2 643 323 56 30 0 0 -1
92 1 1074 474 37 33 0 0 -1
92 2 647 319 52 33 0 0 -1
93 1 1074 474 37 33 0 0 -1
93 2 647 313 56 38 0 0 -1
94 1 1069 477 37 33 0 0 -1
94 2 650 312 55 37 0 0 -1
95 1 1069 477 37 33 0 0 -1
95 2 654 308 52 38 0 0 -1
96 1 1069 477 37 33 0 0 -1
96 2 649 306 57 38 0 0 -1
97 1 1066 480 37 33 0 0 -1
97 2 650 302 60 40 0 0 -1
98 1 1066 480 37 33 0 0 -1
98 2 655 302 52 40 0 0 -1
99 1 1066 480 37 33 0 0 -1
99 2 654 301 56 38 0 0 -1
100 1 1062 483 37 33 0 0 -1
100 2 654 300 59 38 0 0 -1
