1 1 1000 118 138 135 0 0 -1
1 2 1306 453 41 32 0 0 -1
2 1 978 118 159 150 0 0 -1
2 2 1303 454 39 28 0 0 -1
3 1 1006 145 138 123 0 0 -1
3 2 1296 454 40 31 0 0 -1
4 1 993 145 154 150 0 0 -1
4 2 1290 451 40 33 0 0 -1
5 1 1012 171 132 124 0 0 -1
5 2 1281 450 44 34 0 0 -1
6 1 1008 189 132 117 0 0 -1
6 2 1279 451 44 31 0 0 -1
7 1 1006 196 129 132 0 0 -1
7 2 1273 453 42 30 0 0 -1
8 1 1020 225 118 109 0 0 -1
8 2 1272 451 35 29 0 0 -1
9 1 1018 229 123 115 0 0 -1
9 2 1262 448 40 27 0 0 -1
10 1 1018 241 123 115 0 0 -1
10 2 1256 446 40 28 0 0 -1
11 1 1029 267 111 103 0 0 -1
11 2 1252 444 39 30 0 0 -1
12 1 1027 279 111 99 0 0 -1
12 2 1244 437 42 29 0 0 -1
13 1 1026 291 103 103 0 0 -1
13 2 1239 433 40 32 0 0 -1
14 1 1032 306 99 91 0 0 -1
14 2 1235 432 37 30 0 0 -1
15 1 1032 321 99 91 0 0 -1
15 2 1226 427 36 31 0 0 -1
16 1 1038 322 99 100 0 0 -1
16 2 1222 419 38 34 0 0 -1
17 1 1030 334 99 91 0 0 -1
17 2 1213 416 45 32 0 0 -1
18 1 1038 355 94 82 0 0 -1
18 2 1205 407 48 37 0 0 -1
19 1 1036 352 84 91 0 0 -1
19 2 1201 404 40 29 0 0 -1
20 1 1033 369 87 75 0 0 -1
20 2 1196 398 36 30 0 0 -1
21 1 1047 375 78 79 0 0 -1
21 2 1185 391 45 32 0 0 -1
22 1 1035 369 94 91 0 0 -1
22 2 1181 383 42 32 0 0 -1
23 1 1042 390 81 73 0 0 -1
23 2 1172 377 41 33 0 0 -1
24 1 1047 393 76 73 0 0 -1
24 2 1168 370 42 30 0 0 -1
25 1 1038 393 81 79 0 0 -1
25 2 1163 361 42 32 0 0 -1
26 1 1044 403 72 75 0 0 -1
26 2 1155 356 41 29 0 0 -1
27 1 1044 409 76 69 0 0 -1
27 2 1147 348 42 32 0 0 -1
28 1 1044 409 76 69 0 0 -1
28 2 1143 342 38 30 0 0 -1
29 1 1047 415 75 69 0 0 -1
29 2 1133 335 46 34 0 0 -1
30 1 1044 421 73 64 0 0 -1
30 2 1126 330 41 29 0 0 -1
31 1 1047 420 66 63 0 0 -1
31 2 1120 322 43 34 0 0 -1
32 1 1042 420 70 66 0 0 -1
32 2 1116 318 38 31 0 0 -1
33 1 1045 424 70 66 0 0 -1
33 2 1108 312 42 34 0 0 -1
34 1 1045 432 70 66 0 0 -1
34 2 1102 309 43 29 0 0 -1
35 1 1042 427 70 66 0 0 -1
35 2 1092 304 49 34 0 0 -1
36 1 1045 435 66 58 0 0 -1
36 2 1085 302 48 33 0 0 -1
37 1 1050 439 61 58 0 0 -1
37 2 1087 298 38 31 0 0 -1
38 1 1050 438 60 61 0 0 -1
38 2 1073 296 51 27 0 0 -1
39 1 1050 438 60 61 0 0 -1
39 2 1068 292 47 31 0 0 -1
40 1 1054 445 55 54 0 0 -1
40 2 1060 289 51 30 0 0 -1
41 1 1050 442 60 61 0 0 -1
41 2 1056 289 46 30 0 0 -1
42 1 1051 442 60 61 0 0 -1
42 2 1049 287 50 34 0 0 -1
43 1 1054 448 55 55 0 0 -1
43 2 1045 285 47 32 0 0 -1
44 1 1053 453 55 51 0 0 -1
44 2 1037 285 51 36 0 0 -1
45 1 1053 453 55 51 0 0 -1
45 2 1032 284 49 33 0 0 -1
46 1 1054 454 54 51 0 0 -1
46 2 1023 283 54 32 0 0 -1
47 1 1053 453 55 51 0 0 -1
47 2 1022 281 46 34 0 0 -1
48 1 1059 460 51 51 0 0 -1
48 2 1014 278 51 39 0 0 -1
49 1 1059 460 51 51 0 0 -1
49 2 1013 280 44 35 0 0 -1
50 1 1059 460 51 51 0 0 -1
50 2 1010 280 41 38 0 0 -1
51 1 1059 460 51 51 0 0 -1
51 2 1007 281 38 34 0 0 -1
52 1 1059 465 49 45 0 0 -1
52 2 1002 281 45 40 0 0 -1
53 1 1059 465 49 45 0 0 -1
53 2 997 279 44 39 0 0 -1
54 1 1063 465 42 49 0 0 -1
54 2 997 280 40 35 0 0 -1
55 1 1063 465 42 49 0 0 -1
55 2 992 278 43 41 0 0 -1
56 1 1063 468 42 46 0 0 -1
56 2 989 279 46 39 0 0 -1
57 1 1063 469 42 45 0 0 -1
57 2 986 281 49 38 0 0 -1
58 1 1065 472 46 45 0 0 -1
58 2 984 279 47 42 0 0 -1
59 1 1065 472 46 45 0 0 -1
59 2 981 280 53 39 0 0 -1
60 1 1065 472 46 45 0 0 -1
60 2 979 283 51 35 0 0 -1
61 1 1065 472 46 45 0 0 -1
61 2 979 281 51 34 0 0 -1
62 1 1068 472 43 45 0 0 -1
62 2 976 281 46 36 0 0 -1
63 1 1068 472 43 45 0 0 -1
63 2 977 280 46 39 0 0 -1
64 1 1068 472 43 45 0 0 -1
64 2 975 280 47 35 0 0 -1
65 1 1068 472 43 45 0 0 -1
65 2 969 280 51 34 0 0 -1
66 1 1074 474 43 45 0 0 -1
66 2 972 279 43 36 0 0 -1
67 1 1074 474 43 45 0 0 -1
67 2 975 281 43 34 0 0 -1
68 1 1074 474 43 45 0 0 -1
68 2 975 283 40 30 0 0 -1
69 1 1075 477 42 39 0 0 -1
69 2 968 280 50 34 0 0 -1
70 1 1075 477 42 39 0 0 -1
70 2 969 281 46 33 0 0 -1
71 1 1075 477 42 39 0 0 -1
71 2 966 280 45 34 0 0 -1
72 1 1075 477 42 39 0 0 -1
72 2 969 283 44 31 0 0 -1
73 1 1077 477 40 39 0 0 -1
73 2 969 280 42 37 0 0 -1
74 1 1077 477 40 39 0 0 -1
74 2 967 283 48 31 0 0 -1
75 1 1077 477 40 39 0 0 -1
75 2 966 280 52 35 0 0 -1
76 1 1081 474 37 36 0 0 -1
76 2 968 280 46 33 0 0 -1
77 1 1081 474 37 36 0 0 -1
77 2 968 280 43 32 0 0 -1
78 1 1081 474 37 36 0 0 -1
78 2 963 279 51 33 0 0 -1
79 1 1081 474 37 36 0 0 -1
79 2 962 278 51 31 0 0 -1
80 1 1081 474 37 33 0 0 -1
80 2 964 276 46 32 0 0 -1
81 1 1081 474 37 33 0 0 -1
81 2 963 274 50 39 0 0 -1
82 1 1081 474 37 33 0 0 -1
82 2 969 275 44 35 0 0 -1
83 1 1081 474 37 33 0 0 -1
83 2 968 275 46 34 0 0 -1
84 1 1081 474 37 33 0 0 -1
84 2 973 276 38 32 0 0 -1
85 1 1081 474 37 33 0 0 -1
85 2 972 276 43 34 0 0 -1
86 1 1081 474 37 33 0 0 -1
86 2 973 275 44 31 0 0 -1
87 1 1077 474 37 33 0 0 -1
87 2 975 274 43 35 0 0 -1
88 1 1077 474 37 33 0 0 -1
88 2 973 274 46 32 0 0 -1
89 1 1077 474 37 33 0 0 -1
89 2 976 274 47 30 0 0 -1
90 1 1077 474 37 33 0 0 -1
90 2 980 272 47 36 0 0 -1
91 1 1074 474 37 33 0 0 -1
91 2 983 271 44 38 0 0 -1
92 1 1074 474 37 33 0 0 -1
92 2 981 271 49 34 0 0 -1
93 1 1074 474 37 33 0 0 -1
93 2 986 271 41 37 0 0 -1
94 1 1069 477 37 33 0 0 -1
94 2 986 274 45 32 0 0 -1
95 1 1069 477 37 33 0 0 -1
95 2 986 268 50 34 0 0 -1
96 1 1069 477 37 33 0 0 -1
96 2 989 271 50 34 0 0 -1
97 1 1066 480 37 33 0 0 -1
97 2 990 271 47 31 0 0 -1
98 1 1066 480 37 33 0 0 -1
98 2 996 270 43 31 0 0 -1
99 1 1066 480 37 33 0 0 -1
99 2 994 270 51 32 0 0 -1
100 1 1062 483 37 33 0 0 -1
100 2 998 268 47 33 0 0 -1
